#               Exoplanet                 Calib #01                 Calib #02                 Calib #03                 Calib #04                 Calib #05                 Calib #06                 Calib #07                 Calib #08                 Calib #09                 Calib #10
# time (MJD)    FLUX_APER  FLUXERR_APER   FLUX_APER  FLUXERR_APER   FLUX_APER  FLUXERR_APER   FLUX_APER  FLUXERR_APER   FLUX_APER  FLUXERR_APER   FLUX_APER  FLUXERR_APER   FLUX_APER  FLUXERR_APER   FLUX_APER  FLUXERR_APER   FLUX_APER  FLUXERR_APER   FLUX_APER  FLUXERR_APER   FLUX_APER  FLUXERR_APER   
#-----------------------------------------------------------------------------------------------------------------------------------------------------------------------------------------------------------------------------------------------------------------------------------------------------------
 59815.946042   1.2243e+05   1.7816e+02   4.6094e+04   1.7836e+02   8.5804e+03   1.7812e+02   9.2616e+05   1.7828e+02   4.0007e+05   1.7818e+02   1.1829e+05   1.7836e+02   3.5549e+04   1.7816e+02   3.3711e+04   1.7826e+02   1.9019e+04   1.7826e+02   5.3735e+04   1.7808e+02   4.4728e+04   1.7824e+02   
 59815.953171   1.2669e+05   1.7251e+02   4.8087e+04   1.7267e+02   9.0194e+03   1.7263e+02   9.6083e+05   1.7269e+02   4.1576e+05   1.7265e+02   1.2038e+05   1.7248e+02   3.7992e+04   1.7261e+02   3.4706e+04   1.7269e+02   1.9804e+04   1.7267e+02   5.5830e+04   1.7263e+02   4.6574e+04   1.7263e+02   
 59815.953634   1.2583e+05   1.7244e+02   4.7713e+04   1.7246e+02   8.9730e+03   1.7234e+02   9.5519e+05   1.7259e+02   4.1247e+05   1.7257e+02   1.1912e+05   1.7244e+02   3.7662e+04   1.7257e+02   3.4277e+04   1.7246e+02   1.9894e+04   1.7259e+02   5.5416e+04   1.7240e+02   4.6126e+04   1.7248e+02   
 59815.954097   1.2173e+05   1.8501e+02   4.6527e+04   1.8476e+02   8.0951e+03   1.8480e+02   9.3045e+05   1.8473e+02   3.8303e+05   1.8486e+02   1.1840e+05   1.8496e+02   3.7785e+04   1.8476e+02   3.3648e+04   1.8478e+02   1.8590e+04   1.8492e+02   5.3960e+04   1.8496e+02   4.5668e+04   1.8476e+02   
 59815.954560   1.2618e+05   1.7278e+02   4.8486e+04   1.7292e+02   9.4783e+03   1.7296e+02   9.6569e+05   1.7288e+02   4.1581e+05   1.7280e+02   1.2141e+05   1.7296e+02   3.8090e+04   1.7296e+02   3.4897e+04   1.7288e+02   1.9349e+04   1.7286e+02   5.5865e+04   1.7296e+02   4.7051e+04   1.7294e+02   
 59815.955023   1.2663e+05   1.7197e+02   4.8311e+04   1.7175e+02   8.7975e+03   1.7171e+02   9.6900e+05   1.7177e+02   4.1795e+05   1.7171e+02   1.2192e+05   1.7191e+02   3.8528e+04   1.7183e+02   3.4606e+04   1.7187e+02   1.9657e+04   1.7193e+02   5.5272e+04   1.7187e+02   4.6901e+04   1.7181e+02   
 59815.955475   1.2734e+05   1.7144e+02   4.8681e+04   1.7150e+02   8.8718e+03   1.7130e+02   9.6871e+05   1.7142e+02   4.1735e+05   1.7146e+02   1.2137e+05   1.7152e+02   3.8547e+04   1.7134e+02   3.4978e+04   1.7134e+02   1.9705e+04   1.7140e+02   5.6352e+04   1.7140e+02   4.7268e+04   1.7129e+02   
 59815.955938   1.2604e+05   1.7137e+02   4.8417e+04   1.7137e+02   9.1173e+03   1.7129e+02   9.6140e+05   1.7127e+02   4.1573e+05   1.7116e+02   1.2046e+05   1.7116e+02   3.7982e+04   1.7120e+02   3.4555e+04   1.7139e+02   1.9476e+04   1.7135e+02   5.5294e+04   1.7131e+02   4.6795e+04   1.7139e+02   
 59815.956400   1.2673e+05   1.7187e+02   4.7865e+04   1.7191e+02   9.1855e+03   1.7191e+02   9.6234e+05   1.7197e+02   4.1574e+05   1.7186e+02   1.1986e+05   1.7191e+02   3.8244e+04   1.7199e+02   3.4841e+04   1.7191e+02   1.9885e+04   1.7184e+02   5.5254e+04   1.7180e+02   4.6780e+04   1.7187e+02   
 59815.956863   1.2738e+05   1.7116e+02   4.8962e+04   1.7124e+02   9.5311e+03   1.7116e+02   9.7292e+05   1.7132e+02   4.1936e+05   1.7134e+02   1.2137e+05   1.7132e+02   3.8529e+04   1.7109e+02   3.4759e+04   1.7116e+02   1.9377e+04   1.7130e+02   5.5903e+04   1.7130e+02   4.7412e+04   1.7126e+02   
 59815.957326   1.2747e+05   1.7115e+02   4.8875e+04   1.7125e+02   9.5287e+03   1.7127e+02   9.6718e+05   1.7117e+02   4.1824e+05   1.7121e+02   1.2107e+05   1.7123e+02   3.8437e+04   1.7119e+02   3.5114e+04   1.7129e+02   1.9787e+04   1.7111e+02   5.6473e+04   1.7117e+02   4.6815e+04   1.7127e+02   
 59815.957789   1.2702e+05   1.7103e+02   4.8710e+04   1.7103e+02   9.1702e+03   1.7085e+02   9.7157e+05   1.7101e+02   4.1772e+05   1.7083e+02   1.2129e+05   1.7080e+02   3.8387e+04   1.7085e+02   3.5022e+04   1.7101e+02   1.9923e+04   1.7110e+02   5.5587e+04   1.7085e+02   4.6860e+04   1.7109e+02   
 59815.958252   1.2714e+05   1.7111e+02   4.8702e+04   1.7096e+02   9.2695e+03   1.7107e+02   9.7296e+05   1.7113e+02   4.1889e+05   1.7105e+02   1.2192e+05   1.7100e+02   3.8395e+04   1.7096e+02   3.5117e+04   1.7103e+02   1.9609e+04   1.7098e+02   5.6322e+04   1.7113e+02   4.7699e+04   1.7111e+02   
 59815.958715   1.2618e+05   1.7046e+02   4.8302e+04   1.7051e+02   9.0717e+03   1.7036e+02   9.6290e+05   1.7048e+02   4.1569e+05   1.7048e+02   1.1965e+05   1.7051e+02   3.7819e+04   1.7050e+02   3.4883e+04   1.7044e+02   1.9497e+04   1.7044e+02   5.5492e+04   1.7053e+02   4.6949e+04   1.7050e+02   
 59815.959178   1.2801e+05   1.7009e+02   4.9424e+04   1.6995e+02   9.7248e+03   1.7005e+02   9.7385e+05   1.6987e+02   4.1951e+05   1.6991e+02   1.2167e+05   1.6983e+02   3.8434e+04   1.7007e+02   3.5039e+04   1.7003e+02   2.0103e+04   1.6989e+02   5.6329e+04   1.6987e+02   4.8039e+04   1.6999e+02   
 59815.959641   1.2728e+05   1.7012e+02   4.8939e+04   1.7008e+02   9.3664e+03   1.6991e+02   9.7049e+05   1.7002e+02   4.1804e+05   1.7014e+02   1.2208e+05   1.7004e+02   3.8334e+04   1.7004e+02   3.4624e+04   1.7006e+02   1.9495e+04   1.6998e+02   5.5686e+04   1.6995e+02   4.7436e+04   1.6998e+02   
 59815.960104   1.2776e+05   1.6957e+02   4.8740e+04   1.6940e+02   9.1235e+03   1.6946e+02   9.6920e+05   1.6938e+02   4.1503e+05   1.6949e+02   1.2083e+05   1.6953e+02   3.8177e+04   1.6928e+02   3.5052e+04   1.6940e+02   1.9564e+04   1.6946e+02   5.5569e+04   1.6959e+02   4.7804e+04   1.6957e+02   
 59815.960567   1.2778e+05   1.6904e+02   4.8768e+04   1.6923e+02   9.5430e+03   1.6921e+02   9.7146e+05   1.6911e+02   4.1928e+05   1.6908e+02   1.2113e+05   1.6919e+02   3.8100e+04   1.6908e+02   3.4779e+04   1.6917e+02   1.9891e+04   1.6906e+02   5.5884e+04   1.6917e+02   4.7842e+04   1.6913e+02   
 59815.961030   1.2753e+05   1.6922e+02   4.8745e+04   1.6910e+02   9.7285e+03   1.6912e+02   9.7200e+05   1.6908e+02   4.1766e+05   1.6920e+02   1.2187e+05   1.6922e+02   3.8243e+04   1.6903e+02   3.5125e+04   1.6916e+02   1.9956e+04   1.6916e+02   5.6322e+04   1.6922e+02   4.7575e+04   1.6914e+02   
 59815.961493   1.2802e+05   1.6918e+02   4.9179e+04   1.6915e+02   9.5144e+03   1.6903e+02   9.7361e+05   1.6920e+02   4.2082e+05   1.6920e+02   1.2180e+05   1.6913e+02   3.8376e+04   1.6915e+02   3.5289e+04   1.6913e+02   1.9962e+04   1.6920e+02   5.6035e+04   1.6920e+02   4.7980e+04   1.6924e+02   
 59815.961956   1.2882e+05   1.6862e+02   4.9530e+04   1.6850e+02   9.3750e+03   1.6852e+02   9.8071e+05   1.6858e+02   4.2214e+05   1.6854e+02   1.2192e+05   1.6839e+02   3.8548e+04   1.6856e+02   3.5565e+04   1.6846e+02   2.0042e+04   1.6841e+02   5.6423e+04   1.6843e+02   4.8035e+04   1.6848e+02   
 59815.962419   1.2672e+05   1.6871e+02   4.8536e+04   1.6881e+02   9.3303e+03   1.6877e+02   9.6934e+05   1.6881e+02   4.1781e+05   1.6866e+02   1.2077e+05   1.6869e+02   3.7881e+04   1.6871e+02   3.4800e+04   1.6869e+02   1.9851e+04   1.6871e+02   5.5683e+04   1.6885e+02   4.7723e+04   1.6877e+02   
 59815.962882   1.2731e+05   1.6826e+02   4.8781e+04   1.6817e+02   9.1192e+03   1.6834e+02   9.7108e+05   1.6830e+02   4.1770e+05   1.6822e+02   1.2110e+05   1.6826e+02   3.8489e+04   1.6836e+02   3.4660e+04   1.6817e+02   1.9820e+04   1.6824e+02   5.5951e+04   1.6821e+02   4.7930e+04   1.6807e+02   
 59815.963345   1.2739e+05   1.6883e+02   4.8680e+04   1.6883e+02   9.4165e+03   1.6877e+02   9.7255e+05   1.6879e+02   4.1914e+05   1.6885e+02   1.2148e+05   1.6883e+02   3.7007e+04   1.6891e+02   3.4648e+04   1.6877e+02   1.9940e+04   1.6876e+02   5.5893e+04   1.6881e+02   4.7568e+04   1.6879e+02   
 59815.963808   1.2705e+05   1.6786e+02   4.8582e+04   1.6775e+02   9.3908e+03   1.6762e+02   9.6818e+05   1.6788e+02   4.1622e+05   1.6782e+02   1.2130e+05   1.6777e+02   3.6495e+04   1.6771e+02   3.4526e+04   1.6788e+02   2.0096e+04   1.6784e+02   5.6181e+04   1.6777e+02   4.6854e+04   1.6781e+02   
 59815.964271   1.2860e+05   1.6779e+02   4.9169e+04   1.6772e+02   9.6695e+03   1.6785e+02   9.7854e+05   1.6791e+02   4.2283e+05   1.6791e+02   1.2236e+05   1.6779e+02   3.7136e+04   1.6764e+02   3.5250e+04   1.6781e+02   2.0271e+04   1.6773e+02   5.6181e+04   1.6798e+02   4.8052e+04   1.6787e+02   
 59815.964722   1.2826e+05   1.6797e+02   4.9419e+04   1.6782e+02   9.1855e+03   1.6799e+02   9.7840e+05   1.6795e+02   4.2147e+05   1.6803e+02   1.2237e+05   1.6801e+02   3.7207e+04   1.6782e+02   3.5331e+04   1.6801e+02   2.0298e+04   1.6791e+02   5.6245e+04   1.6803e+02   4.8213e+04   1.6808e+02   
 59815.965185   1.2892e+05   1.6722e+02   4.9182e+04   1.6724e+02   9.4173e+03   1.6719e+02   9.7843e+05   1.6722e+02   4.1903e+05   1.6724e+02   1.2180e+05   1.6724e+02   3.6915e+04   1.6715e+02   3.4856e+04   1.6728e+02   2.0013e+04   1.6713e+02   5.6074e+04   1.6719e+02   4.7959e+04   1.6709e+02   
 59815.965648   1.2829e+05   1.6705e+02   4.9284e+04   1.6713e+02   9.1160e+03   1.6722e+02   9.7500e+05   1.6717e+02   4.2098e+05   1.6720e+02   1.2199e+05   1.6698e+02   3.7103e+04   1.6707e+02   3.4624e+04   1.6711e+02   1.9762e+04   1.6718e+02   5.6281e+04   1.6705e+02   4.8295e+04   1.6703e+02   
 59815.966111   1.2695e+05   1.6719e+02   4.8509e+04   1.6730e+02   9.1811e+03   1.6719e+02   9.7340e+05   1.6724e+02   4.1792e+05   1.6713e+02   1.2076e+05   1.6723e+02   3.6739e+04   1.6723e+02   3.4618e+04   1.6702e+02   1.9969e+04   1.6724e+02   5.5882e+04   1.6709e+02   4.7466e+04   1.6711e+02   
 59815.966574   1.2756e+05   1.6746e+02   4.8562e+04   1.6765e+02   8.6027e+03   1.6758e+02   9.7418e+05   1.6752e+02   4.1834e+05   1.6754e+02   1.2051e+05   1.6767e+02   3.6913e+04   1.6748e+02   3.4758e+04   1.6767e+02   1.9671e+04   1.6773e+02   5.5477e+04   1.6767e+02   4.8148e+04   1.6767e+02   
 59815.967037   1.2858e+05   1.6720e+02   4.8745e+04   1.6709e+02   9.0457e+03   1.6718e+02   9.7726e+05   1.6707e+02   4.2147e+05   1.6715e+02   1.2150e+05   1.6728e+02   3.6797e+04   1.6728e+02   3.4790e+04   1.6726e+02   2.0325e+04   1.6716e+02   5.6010e+04   1.6715e+02   4.8000e+04   1.6715e+02   
 59815.967500   1.2858e+05   1.6665e+02   4.8615e+04   1.6656e+02   9.2430e+03   1.6676e+02   9.8214e+05   1.6678e+02   4.2047e+05   1.6667e+02   1.2112e+05   1.6661e+02   3.7385e+04   1.6669e+02   3.4536e+04   1.6657e+02   1.9731e+04   1.6663e+02   5.6240e+04   1.6669e+02   4.7935e+04   1.6678e+02   
 59815.967963   1.2676e+05   1.6623e+02   4.8416e+04   1.6611e+02   9.3566e+03   1.6525e+02   9.6204e+05   1.6619e+02   4.1079e+05   1.6632e+02   1.1891e+05   1.6619e+02   3.6170e+04   1.6613e+02   3.4155e+04   1.6634e+02   1.9318e+04   1.6628e+02   5.4849e+04   1.6623e+02   4.7002e+04   1.6611e+02   
 59815.968414   1.2747e+05   1.6662e+02   4.8655e+04   1.6657e+02   8.9885e+03   1.6471e+02   9.6628e+05   1.6659e+02   4.1499e+05   1.6662e+02   1.1904e+05   1.6647e+02   3.5977e+04   1.6653e+02   3.4715e+04   1.6655e+02   1.9359e+04   1.6657e+02   5.5235e+04   1.6642e+02   4.6922e+04   1.6651e+02   
 59815.968877   1.2666e+05   1.6546e+02   4.7694e+04   1.6554e+02   8.8181e+03   1.6075e+02   9.5897e+05   1.6558e+02   4.1228e+05   1.6554e+02   1.1918e+05   1.6544e+02   3.5833e+04   1.6546e+02   3.3606e+04   1.6563e+02   1.9082e+04   1.6565e+02   5.4771e+04   1.6561e+02   4.6589e+04   1.6539e+02   
 59815.969340   1.2592e+05   1.6571e+02   4.7793e+04   1.6590e+02   8.3764e+03   1.5912e+02   9.5268e+05   1.6590e+02   4.0833e+05   1.6588e+02   1.1749e+05   1.6573e+02   3.5813e+04   1.6579e+02   3.3505e+04   1.6585e+02   1.9160e+04   1.6581e+02   5.3986e+04   1.6579e+02   4.6239e+04   1.6588e+02   
 59815.969803   1.2626e+05   1.6537e+02   4.8197e+04   1.6526e+02   8.1726e+03   1.5441e+02   9.5056e+05   1.6541e+02   4.0917e+05   1.6521e+02   1.1689e+05   1.6535e+02   3.5882e+04   1.6532e+02   3.3663e+04   1.6528e+02   1.9134e+04   1.6530e+02   5.4317e+04   1.6519e+02   4.6279e+04   1.6534e+02   
 59815.970729   1.2547e+05   1.6564e+02   4.7874e+04   1.6566e+02   6.9551e+03   1.4509e+02   9.4723e+05   1.6559e+02   4.0536e+05   1.6562e+02   1.1636e+05   1.6572e+02   3.5470e+04   1.6566e+02   3.3630e+04   1.6566e+02   1.9448e+04   1.6553e+02   5.4116e+04   1.6568e+02   4.5322e+04   1.6566e+02   
 59815.971192   1.2575e+05   1.6514e+02   4.7684e+04   1.6499e+02   6.4146e+03   1.4284e+02   9.3760e+05   1.6505e+02   4.0355e+05   1.6518e+02   1.1564e+05   1.6512e+02   3.5210e+04   1.6505e+02   3.3087e+04   1.6518e+02   1.8817e+04   1.6519e+02   5.3711e+04   1.6516e+02   4.5367e+04   1.6495e+02   
 59815.971655   1.2507e+05   1.6451e+02   4.7737e+04   1.6434e+02   6.1961e+03   1.4002e+02   9.4540e+05   1.6453e+02   4.0377e+05   1.6451e+02   1.1581e+05   1.6451e+02   3.5175e+04   1.6430e+02   3.3122e+04   1.6453e+02   1.8680e+04   1.6436e+02   5.4289e+04   1.6436e+02   4.5582e+04   1.6451e+02   
 59815.972118   1.2251e+05   1.6455e+02   4.6572e+04   1.6466e+02   5.6210e+03   1.3759e+02   9.1704e+05   1.6462e+02   3.9454e+05   1.6466e+02   1.1201e+05   1.6451e+02   3.4277e+04   1.6460e+02   3.1667e+04   1.6469e+02   1.8283e+04   1.6453e+02   5.2353e+04   1.6458e+02   4.4177e+04   1.6451e+02   
 59815.972581   1.1957e+05   1.6454e+02   4.4956e+04   1.6437e+02   4.4956e+04   1.6437e+02   8.9857e+05   1.6445e+02   3.8501e+05   1.6447e+02   1.0983e+05   1.6441e+02   3.3096e+04   1.6452e+02   3.0986e+04   1.6449e+02   1.7780e+04   1.6452e+02   5.1041e+04   1.6445e+02   4.2962e+04   1.6449e+02   
 59815.973032   1.2149e+05   1.6488e+02   4.6293e+04   1.6488e+02   4.6293e+04   1.6488e+02   9.1428e+05   1.6482e+02   3.9203e+05   1.6477e+02   1.1140e+05   1.6480e+02   3.3967e+04   1.6495e+02   3.2154e+04   1.6484e+02   1.7757e+04   1.6493e+02   5.2033e+04   1.6484e+02   4.4017e+04   1.6493e+02   
 59815.973495   1.2015e+05   1.6446e+02   4.5749e+04   1.6438e+02   4.5749e+04   1.6438e+02   9.0750e+05   1.6446e+02   3.8665e+05   1.6449e+02   1.1019e+05   1.6438e+02   3.3275e+04   1.6440e+02   3.1953e+04   1.6429e+02   1.7735e+04   1.6442e+02   5.1251e+04   1.6447e+02   4.3205e+04   1.6438e+02   
 59815.973958   1.2060e+05   1.6398e+02   4.5547e+04   1.6391e+02   4.5547e+04   1.6391e+02   9.0314e+05   1.6381e+02   3.8706e+05   1.6392e+02   1.0934e+05   1.6398e+02   3.3417e+04   1.6398e+02   3.1808e+04   1.6387e+02   1.7715e+04   1.6391e+02   5.1002e+04   1.6391e+02   4.2996e+04   1.6385e+02   
 59815.974421   1.1963e+05   1.6357e+02   4.5885e+04   1.6361e+02   4.5885e+04   1.6361e+02   8.9578e+05   1.6366e+02   3.8230e+05   1.6361e+02   1.0836e+05   1.6370e+02   3.3398e+04   1.6370e+02   3.1178e+04   1.6361e+02   1.7181e+04   1.6364e+02   5.0174e+04   1.6362e+02   4.2484e+04   1.6357e+02   
 59815.974884   1.1946e+05   1.6370e+02   4.5109e+04   1.6357e+02   4.5109e+04   1.6357e+02   8.9683e+05   1.6372e+02   3.8281e+05   1.6355e+02   1.0904e+05   1.6361e+02   3.3472e+04   1.6368e+02   3.1301e+04   1.6359e+02   1.7250e+04   1.6372e+02   5.0315e+04   1.6373e+02   4.2823e+04   1.6353e+02   
 59815.975347   1.1918e+05   1.6365e+02   4.5428e+04   1.6391e+02   4.5428e+04   1.6391e+02   8.8372e+05   1.6372e+02   3.7996e+05   1.6363e+02   1.0777e+05   1.6372e+02   3.2921e+04   1.6385e+02   3.1132e+04   1.6376e+02   1.7208e+04   1.6382e+02   5.0215e+04   1.6380e+02   4.2310e+04   1.6376e+02   
 59815.975810   1.1775e+05   1.6338e+02   4.5103e+04   1.6329e+02   4.5103e+04   1.6329e+02   8.8044e+05   1.6316e+02   3.7715e+05   1.6327e+02   1.0652e+05   1.6327e+02   3.2479e+04   1.6318e+02   3.1155e+04   1.6325e+02   1.6962e+04   1.6329e+02   5.0316e+04   1.6323e+02   4.2034e+04   1.6333e+02   
 59815.976273   1.1850e+05   1.6297e+02   4.5115e+04   1.6305e+02   4.5115e+04   1.6305e+02   8.8741e+05   1.6307e+02   3.7917e+05   1.6295e+02   1.0698e+05   1.6305e+02   3.2844e+04   1.6294e+02   3.1200e+04   1.6303e+02   1.7259e+04   1.6295e+02   5.0333e+04   1.6301e+02   4.2039e+04   1.6297e+02   
 59815.976736   1.1554e+05   1.6291e+02   4.3717e+04   1.6310e+02   4.3717e+04   1.6310e+02   8.6525e+05   1.6295e+02   3.7023e+05   1.6302e+02   1.0469e+05   1.6313e+02   3.2577e+04   1.6310e+02   3.0637e+04   1.6297e+02   1.6640e+04   1.6298e+02   4.8487e+04   1.6306e+02   4.1303e+04   1.6304e+02   
 59815.977199   1.1360e+05   1.6262e+02   4.2826e+04   1.6256e+02   4.2826e+04   1.6256e+02   8.5380e+05   1.6242e+02   3.6402e+05   1.6253e+02   1.0334e+05   1.6260e+02   3.1560e+04   1.6251e+02   2.9592e+04   1.6264e+02   1.6576e+04   1.6251e+02   4.8370e+04   1.6262e+02   4.0495e+04   1.6247e+02   
 59815.977662   1.1427e+05   1.6263e+02   4.3576e+04   1.6261e+02   4.3576e+04   1.6261e+02   8.5821e+05   1.6268e+02   3.6470e+05   1.6259e+02   1.0399e+05   1.6270e+02   3.2439e+04   1.6261e+02   2.9772e+04   1.6263e+02   1.6505e+04   1.6259e+02   4.8634e+04   1.6274e+02   4.0523e+04   1.6270e+02   
 59815.978113   1.1372e+05   1.6236e+02   4.2986e+04   1.6209e+02   4.2986e+04   1.6209e+02   8.4953e+05   1.6216e+02   3.6153e+05   1.6229e+02   1.0319e+05   1.6221e+02   3.2033e+04   1.6220e+02   2.9513e+04   1.6229e+02   1.6451e+04   1.6223e+02   4.8143e+04   1.6227e+02   4.0080e+04   1.6225e+02   
 59815.978576   1.1304e+05   1.6261e+02   4.3105e+04   1.6250e+02   4.3105e+04   1.6250e+02   8.4554e+05   1.6253e+02   3.5974e+05   1.6264e+02   1.0225e+05   1.6264e+02   3.1262e+04   1.6255e+02   2.9437e+04   1.6272e+02   1.6257e+04   1.6252e+02   4.7791e+04   1.6250e+02   4.0412e+04   1.6255e+02   
 59815.979039   1.1313e+05   1.6221e+02   4.3065e+04   1.6230e+02   4.3065e+04   1.6230e+02   8.4394e+05   1.6233e+02   3.5963e+05   1.6222e+02   1.0177e+05   1.6237e+02   3.1702e+04   1.6233e+02   2.9373e+04   1.6226e+02   1.6333e+04   1.6226e+02   4.7395e+04   1.6221e+02   4.0386e+04   1.6213e+02   
 59815.979502   1.1479e+05   1.6171e+02   4.3731e+04   1.6158e+02   4.3731e+04   1.6158e+02   8.5250e+05   1.6165e+02   3.6352e+05   1.6171e+02   1.0384e+05   1.6165e+02   3.2132e+04   1.6165e+02   2.9580e+04   1.6174e+02   1.6601e+04   1.6178e+02   4.8073e+04   1.6169e+02   4.0761e+04   1.6178e+02   
 59815.979965   1.1456e+05   1.6153e+02   4.3713e+04   1.6149e+02   4.3713e+04   1.6149e+02   8.5350e+05   1.6149e+02   3.6292e+05   1.6151e+02   1.0342e+05   1.6151e+02   3.2071e+04   1.6149e+02   2.9580e+04   1.6153e+02   1.6073e+04   1.6157e+02   4.8269e+04   1.6171e+02   4.0495e+04   1.6155e+02   
 59815.980428   1.0842e+05   1.6138e+02   4.1361e+04   1.6149e+02   4.1361e+04   1.6149e+02   8.0922e+05   1.6147e+02   3.4406e+05   1.6150e+02   9.8373e+04   1.6143e+02   3.0403e+04   1.6143e+02   2.7928e+04   1.6143e+02   1.5325e+04   1.6143e+02   4.5899e+04   1.6138e+02   3.8685e+04   1.6147e+02   
 59815.980891   1.0378e+05   1.6124e+02   3.9261e+04   1.6109e+02   3.9261e+04   1.6109e+02   7.7852e+05   1.6109e+02   3.3113e+05   1.6111e+02   9.4301e+04   1.6115e+02   2.9076e+04   1.6108e+02   2.6790e+04   1.6115e+02   1.4764e+04   1.6120e+02   4.3730e+04   1.6111e+02   3.6885e+04   1.6126e+02   
 59815.981354   1.0808e+05   1.6118e+02   4.1280e+04   1.6112e+02   4.1280e+04   1.6112e+02   8.1074e+05   1.6114e+02   3.4390e+05   1.6116e+02   9.8153e+04   1.6114e+02   3.0151e+04   1.6118e+02   2.8237e+04   1.6118e+02   1.5356e+04   1.6121e+02   4.5500e+04   1.6125e+02   3.8595e+04   1.6127e+02   
 59815.981817   1.0903e+05   1.6092e+02   4.1479e+04   1.6080e+02   4.1479e+04   1.6080e+02   8.1011e+05   1.6089e+02   3.4408e+05   1.6098e+02   9.8445e+04   1.6098e+02   3.0310e+04   1.6089e+02   2.7752e+04   1.6091e+02   1.5507e+04   1.6085e+02   4.6189e+04   1.6098e+02   3.8499e+04   1.6092e+02   
 59815.982269   1.0298e+05   1.6058e+02   3.9076e+04   1.6061e+02   3.9076e+04   1.6061e+02   7.6684e+05   1.6054e+02   3.2598e+05   1.6061e+02   9.3066e+04   1.6050e+02   2.8714e+04   1.6067e+02   2.6355e+04   1.6054e+02   1.4793e+04   1.6050e+02   4.3246e+04   1.6063e+02   3.6340e+04   1.6061e+02   
 59815.982731   1.0020e+05   1.6052e+02   3.8096e+04   1.6066e+02   3.8096e+04   1.6066e+02   7.5173e+05   1.6065e+02   3.1796e+05   1.6052e+02   9.0900e+04   1.6063e+02   2.7876e+04   1.6063e+02   2.5876e+04   1.6061e+02   1.4276e+04   1.6041e+02   4.1992e+04   1.6052e+02   3.5891e+04   1.6068e+02   
 59815.983194   1.0539e+05   1.6039e+02   3.9602e+04   1.6042e+02   3.9602e+04   1.6042e+02   7.8683e+05   1.6050e+02   3.3359e+05   1.6046e+02   9.6038e+04   1.6040e+02   2.9384e+04   1.6050e+02   2.6998e+04   1.6035e+02   1.4818e+04   1.6046e+02   4.4234e+04   1.6040e+02   3.7799e+04   1.6040e+02   
 59815.983657   1.0509e+05   1.5969e+02   3.9398e+04   1.5967e+02   3.9398e+04   1.5967e+02   7.8376e+05   1.5966e+02   3.3122e+05   1.5957e+02   9.6045e+04   1.5969e+02   2.9291e+04   1.5962e+02   2.6975e+04   1.5977e+02   1.4935e+04   1.5977e+02   4.3847e+04   1.5977e+02   3.7042e+04   1.5958e+02   
 59815.984120   9.8164e+04   1.6057e+02   3.6916e+04   1.6054e+02   3.6916e+04   1.6054e+02   7.2886e+05   1.6057e+02   3.0923e+05   1.6061e+02   8.8741e+04   1.6059e+02   2.7121e+04   1.6065e+02   2.5223e+04   1.6074e+02   1.3935e+04   1.6065e+02   4.1179e+04   1.6059e+02   3.4701e+04   1.6063e+02   
 59815.984583   9.6266e+04   1.5986e+02   3.5840e+04   1.5990e+02   3.5840e+04   1.5990e+02   7.1978e+05   1.6001e+02   3.0453e+05   1.5997e+02   8.7299e+04   1.5992e+02   2.6742e+04   1.5997e+02   2.4351e+04   1.5986e+02   1.3786e+04   1.5983e+02   4.0485e+04   1.5979e+02   3.4272e+04   1.5994e+02   
 59815.985046   9.0236e+04   1.5930e+02   3.3858e+04   1.5941e+02   3.3858e+04   1.5941e+02   6.6846e+05   1.5944e+02   2.8401e+05   1.5953e+02   8.1195e+04   1.5937e+02   2.4518e+04   1.5946e+02   2.2838e+04   1.5944e+02   1.2751e+04   1.5943e+02   3.7850e+04   1.5948e+02   3.1897e+04   1.5950e+02   
 59815.985509   8.7824e+04   1.5911e+02   3.3263e+04   1.5905e+02   3.3263e+04   1.5905e+02   6.5276e+05   1.5912e+02   2.7577e+05   1.5912e+02   7.9320e+04   1.5889e+02   2.4061e+04   1.5907e+02   2.2482e+04   1.5903e+02   1.2270e+04   1.5898e+02   3.6746e+04   1.5896e+02   3.0597e+04   1.5911e+02   
 59815.985972   9.7992e+04   1.5925e+02   3.6610e+04   1.5946e+02   3.6610e+04   1.5946e+02   7.2791e+05   1.5928e+02   3.0863e+05   1.5939e+02   8.8731e+04   1.5934e+02   2.7024e+04   1.5930e+02   2.4724e+04   1.5934e+02   1.3581e+04   1.5923e+02   4.1171e+04   1.5925e+02   3.4761e+04   1.5941e+02   
 59815.986435   8.9971e+04   1.5805e+02   3.3222e+04   1.5821e+02   3.3222e+04   1.5821e+02   6.6796e+05   1.5819e+02   2.8246e+05   1.5824e+02   8.1239e+04   1.5824e+02   2.4563e+04   1.5824e+02   2.2994e+04   1.5815e+02   1.2506e+04   1.5824e+02   3.7720e+04   1.5830e+02   3.1563e+04   1.5821e+02   
 59815.986898   8.7649e+04   1.5794e+02   3.2789e+04   1.5798e+02   3.2789e+04   1.5798e+02   6.4639e+05   1.5798e+02   2.7422e+05   1.5789e+02   7.9098e+04   1.5808e+02   2.3591e+04   1.5789e+02   2.2002e+04   1.5794e+02   1.2287e+04   1.5796e+02   3.6668e+04   1.5805e+02   3.0654e+04   1.5810e+02   
 59815.987350   9.5188e+04   1.5908e+02   3.6107e+04   1.5908e+02   3.6107e+04   1.5908e+02   7.1458e+05   1.5893e+02   3.0161e+05   1.5908e+02   8.7265e+04   1.5891e+02   2.5848e+04   1.5906e+02   2.4364e+04   1.5908e+02   1.3739e+04   1.5893e+02   4.0358e+04   1.5906e+02   3.3990e+04   1.5900e+02   
 59815.987812   9.2208e+04   1.5870e+02   3.4615e+04   1.5877e+02   3.4615e+04   1.5877e+02   6.8036e+05   1.5888e+02   2.8748e+05   1.5870e+02   8.3409e+04   1.5883e+02   2.4514e+04   1.5868e+02   2.3195e+04   1.5885e+02   1.2948e+04   1.5868e+02   3.8598e+04   1.5885e+02   3.2258e+04   1.5879e+02   
 59815.988275   8.6807e+04   1.5777e+02   3.2983e+04   1.5766e+02   3.2983e+04   1.5766e+02   6.5023e+05   1.5777e+02   2.7455e+05   1.5770e+02   7.9084e+04   1.5779e+02   2.3233e+04   1.5770e+02   2.2298e+04   1.5770e+02   1.2536e+04   1.5773e+02   3.6736e+04   1.5779e+02   3.0796e+04   1.5757e+02   
 59815.988738   9.1060e+04   1.5767e+02   3.3942e+04   1.5772e+02   3.3942e+04   1.5772e+02   6.7456e+05   1.5781e+02   2.8605e+05   1.5774e+02   8.2365e+04   1.5754e+02   2.4660e+04   1.5769e+02   2.3662e+04   1.5771e+02   1.2745e+04   1.5776e+02   3.7530e+04   1.5758e+02   3.1880e+04   1.5771e+02   
 59815.989201   8.9665e+04   1.5753e+02   3.4000e+04   1.5741e+02   3.4000e+04   1.5741e+02   6.6933e+05   1.5748e+02   2.8162e+05   1.5759e+02   8.2560e+04   1.5759e+02   2.4455e+04   1.5755e+02   2.3051e+04   1.5744e+02   1.2795e+04   1.5764e+02   3.7628e+04   1.5750e+02   3.1591e+04   1.5751e+02   
 59815.989664   8.1814e+04   1.5649e+02   2.9706e+04   1.5181e+02   2.9706e+04   1.5181e+02   6.0738e+05   1.5669e+02   2.5599e+05   1.5672e+02   7.4215e+04   1.5662e+02   2.2045e+04   1.5663e+02   2.0835e+04   1.5658e+02   1.1740e+04   1.5676e+02   3.4008e+04   1.5656e+02   2.8839e+04   1.5660e+02   
 59815.990127   8.3108e+04   1.5682e+02   3.0495e+04   1.5155e+02   3.0495e+04   1.5155e+02   6.1900e+05   1.5682e+02   2.6046e+05   1.5687e+02   7.6084e+04   1.5682e+02   2.2468e+04   1.5678e+02   2.0992e+04   1.5669e+02   1.1607e+04   1.5678e+02   3.4767e+04   1.5671e+02   2.9391e+04   1.5675e+02   
 59815.990590   8.4648e+04   1.5626e+02   3.0657e+04   1.4971e+02   3.0657e+04   1.4971e+02   6.2767e+05   1.5626e+02   2.6413e+05   1.5612e+02   7.7028e+04   1.5624e+02   2.2622e+04   1.5621e+02   2.1519e+04   1.5619e+02   1.2020e+04   1.5630e+02   3.5055e+04   1.5610e+02   2.9290e+04   1.5622e+02   
 59815.991053   8.8277e+04   1.5605e+02   3.2243e+04   1.4801e+02   3.2243e+04   1.4801e+02   6.5288e+05   1.5607e+02   2.7452e+05   1.5593e+02   7.9970e+04   1.5602e+02   2.3709e+04   1.5604e+02   2.2338e+04   1.5589e+02   1.2089e+04   1.5596e+02   3.6436e+04   1.5596e+02   3.0969e+04   1.5607e+02   
 59815.991516   8.9251e+04   1.5546e+02   3.2467e+04   1.4644e+02   3.2467e+04   1.4644e+02   6.6216e+05   1.5542e+02   2.8028e+05   1.5540e+02   8.1369e+04   1.5537e+02   2.4272e+04   1.5530e+02   2.2727e+04   1.5542e+02   1.2233e+04   1.5542e+02   3.6797e+04   1.5540e+02   3.1540e+04   1.5544e+02   
 59815.991979   8.4880e+04   1.5557e+02   2.8882e+04   1.4293e+02   2.8882e+04   1.4293e+02   6.2272e+05   1.5562e+02   2.6331e+05   1.5555e+02   7.6524e+04   1.5564e+02   2.2775e+04   1.5562e+02   2.1121e+04   1.5551e+02   1.1581e+04   1.5562e+02   3.5075e+04   1.5555e+02   2.9620e+04   1.5576e+02   
 59815.992431   8.7801e+04   1.5488e+02   2.9558e+04   1.4103e+02   2.9558e+04   1.4103e+02   6.5072e+05   1.5479e+02   2.7506e+05   1.5488e+02   8.0586e+04   1.5479e+02   2.3905e+04   1.5481e+02   2.2277e+04   1.5481e+02   1.1988e+04   1.5486e+02   3.6464e+04   1.5489e+02   3.0576e+04   1.5479e+02   
 59815.992894   8.5842e+04   1.5509e+02   2.7275e+04   1.3903e+02   2.7275e+04   1.3903e+02   6.3782e+05   1.5512e+02   2.6832e+05   1.5502e+02   7.9041e+04   1.5505e+02   2.3296e+04   1.5502e+02   2.1788e+04   1.5500e+02   1.1849e+04   1.5507e+02   3.5428e+04   1.5503e+02   2.9960e+04   1.5507e+02   
 59815.993356   8.0371e+04   1.5509e+02   2.1727e+04   1.3529e+02   2.1727e+04   1.3529e+02   5.9418e+05   1.5513e+02   2.5027e+05   1.5521e+02   7.3010e+04   1.5511e+02   2.1169e+04   1.5511e+02   1.9839e+04   1.5520e+02   1.1443e+04   1.5521e+02   3.3150e+04   1.5525e+02   2.8291e+04   1.5514e+02   
 59815.993819   8.2415e+04   1.5518e+02   2.1789e+04   1.3486e+02   2.1789e+04   1.3486e+02   6.0532e+05   1.5521e+02   2.5553e+05   1.5509e+02   7.4962e+04   1.5514e+02   2.2038e+04   1.5519e+02   2.0840e+04   1.5523e+02   1.1613e+04   1.5514e+02   3.3741e+04   1.5530e+02   2.8515e+04   1.5512e+02   
 59815.994282   8.6839e+04   1.5477e+02   2.5074e+04   1.3493e+02   2.5074e+04   1.3493e+02   6.4278e+05   1.5472e+02   2.7150e+05   1.5475e+02   7.9352e+04   1.5470e+02   2.3558e+04   1.5486e+02   2.1941e+04   1.5472e+02   1.1961e+04   1.5466e+02   3.6104e+04   1.5465e+02   3.0500e+04   1.5477e+02   
 59815.994745   8.4090e+04   1.5436e+02   2.2383e+04   1.3388e+02   2.2383e+04   1.3388e+02   6.2382e+05   1.5440e+02   2.6401e+05   1.5428e+02   7.6811e+04   1.5436e+02   2.3020e+04   1.5443e+02   2.1208e+04   1.5433e+02   1.1641e+04   1.5428e+02   3.4514e+04   1.5435e+02   2.9406e+04   1.5428e+02   
 59815.995208   8.3803e+04   1.5406e+02   2.1797e+04   1.3218e+02   2.1797e+04   1.3218e+02   6.2276e+05   1.5406e+02   2.6385e+05   1.5395e+02   7.7124e+04   1.5400e+02   2.2521e+04   1.5411e+02   2.1403e+04   1.5397e+02   1.1958e+04   1.5400e+02   3.4555e+04   1.5388e+02   2.9636e+04   1.5402e+02   
 59815.995671   8.2146e+04   1.5404e+02   2.0350e+04   1.3141e+02   2.0350e+04   1.3141e+02   6.0790e+05   1.5398e+02   2.5805e+05   1.5402e+02   7.5231e+04   1.5419e+02   2.2077e+04   1.5409e+02   2.1009e+04   1.5418e+02   1.1632e+04   1.5398e+02   3.4115e+04   1.5393e+02   2.8802e+04   1.5398e+02   
 59815.996134   7.7495e+04   1.5341e+02   1.7263e+04   1.2883e+02   1.7263e+04   1.2883e+02   5.7450e+05   1.5329e+02   2.4315e+05   1.5338e+02   7.1155e+04   1.5350e+02   2.1198e+04   1.5343e+02   2.0129e+04   1.5348e+02   1.0871e+04   1.5338e+02   3.2352e+04   1.5339e+02   2.7076e+04   1.5341e+02   
 59815.996597   7.9427e+04   1.5325e+02   1.5288e+04   1.2607e+02   1.5288e+04   1.2607e+02   5.9021e+05   1.5318e+02   2.4960e+05   1.5332e+02   7.3186e+04   1.5308e+02   2.1950e+04   1.5327e+02   2.0254e+04   1.5325e+02   1.1325e+04   1.5331e+02   3.2993e+04   1.5311e+02   2.8187e+04   1.5322e+02   
 59815.997060   8.2068e+04   1.5358e+02   1.4726e+04   1.2594e+02   1.4726e+04   1.2594e+02   6.0898e+05   1.5365e+02   2.5751e+05   1.5353e+02   7.5968e+04   1.5370e+02   2.2418e+04   1.5374e+02   2.0839e+04   1.5372e+02   1.1626e+04   1.5370e+02   3.4226e+04   1.5362e+02   2.8623e+04   1.5358e+02   
 59815.997523   7.4469e+04   1.5239e+02   8.3350e+03   1.2119e+02   8.3350e+03   1.2119e+02   5.5170e+05   1.5240e+02   2.3277e+05   1.5247e+02   6.7716e+04   1.5233e+02   1.9607e+04   1.5256e+02   1.8565e+04   1.5242e+02   1.0329e+04   1.5242e+02   3.0700e+04   1.5251e+02   2.5720e+04   1.5249e+02   
 59815.997986   7.6347e+04   1.5293e+02   7.1309e+03   1.2192e+02   7.1309e+03   1.2192e+02   5.6465e+05   1.5288e+02   2.3833e+05   1.5299e+02   7.0051e+04   1.5290e+02   2.0940e+04   1.5286e+02   2.0002e+04   1.5300e+02   1.0610e+04   1.5292e+02   3.1688e+04   1.5299e+02   2.6810e+04   1.5305e+02   
 59815.998912   8.1038e+04   1.5256e+02   6.4060e+03   1.2003e+02   6.4060e+03   1.2003e+02   5.9516e+05   1.5251e+02   2.5247e+05   1.5232e+02   7.4015e+04   1.5230e+02   2.1974e+04   1.5249e+02   2.1229e+04   1.5239e+02   1.1321e+04   1.5242e+02   3.3341e+04   1.5242e+02   2.8878e+04   1.5239e+02   
 59815.999375   8.0995e+04   1.5180e+02   5.2102e+03   1.1852e+02   5.2102e+03   1.1852e+02   5.9695e+05   1.5178e+02   2.5475e+05   1.5192e+02   7.4637e+04   1.5188e+02   2.2162e+04   1.5186e+02   2.1503e+04   1.5197e+02   1.1605e+04   1.5178e+02   3.3626e+04   1.5192e+02   2.8602e+04   1.5188e+02   
 59815.999838   8.0647e+04   1.5144e+02   7.1532e+03   1.5154e+02   8.0647e+04   1.5144e+02   5.9332e+05   1.5132e+02   2.5252e+05   1.5149e+02   7.3747e+04   1.5137e+02   2.2312e+04   1.5146e+02   2.1244e+04   1.5151e+02   1.1436e+04   1.5148e+02   3.2945e+04   1.5156e+02   2.8818e+04   1.5149e+02   
 59816.000301   7.9080e+04   1.5183e+02   6.8126e+03   1.5181e+02   7.9080e+04   1.5183e+02   5.8519e+05   1.5166e+02   2.4931e+05   1.5183e+02   7.2742e+04   1.5171e+02   2.1998e+04   1.5188e+02   2.1323e+04   1.5187e+02   1.1069e+04   1.5185e+02   3.3088e+04   1.5185e+02   2.7979e+04   1.5190e+02   
 59816.000764   7.4187e+04   1.5117e+02   7.4187e+04   1.5117e+02   7.4187e+04   1.5117e+02   5.4593e+05   1.5124e+02   2.3173e+05   1.5113e+02   6.7956e+04   1.5119e+02   2.0321e+04   1.5107e+02   1.9717e+04   1.5125e+02   1.0210e+04   1.5134e+02   3.0603e+04   1.5127e+02   2.6253e+04   1.5112e+02   
 59816.001227   7.7994e+04   1.5136e+02   6.9012e+03   1.5141e+02   7.7994e+04   1.5136e+02   5.7630e+05   1.5143e+02   2.4426e+05   1.5121e+02   7.1441e+04   1.5119e+02   2.1629e+04   1.5134e+02   2.0809e+04   1.5145e+02   1.1001e+04   1.5122e+02   3.1906e+04   1.5133e+02   2.7007e+04   1.5139e+02   
 59816.001678   6.6402e+04   1.5048e+02   6.6402e+04   1.5048e+02   6.6402e+04   1.5048e+02   4.9078e+05   1.5058e+02   2.0847e+05   1.5060e+02   6.0969e+04   1.5056e+02   1.8159e+04   1.5065e+02   1.7567e+04   1.5056e+02   9.5136e+03   1.5049e+02   2.7261e+04   1.5060e+02   2.3270e+04   1.5051e+02   
 59816.002141   7.3671e+04   1.5022e+02   7.3671e+04   1.5022e+02   7.3671e+04   1.5022e+02   5.3793e+05   1.5030e+02   2.2956e+05   1.5036e+02   6.6329e+04   1.5027e+02   1.9845e+04   1.5029e+02   1.9524e+04   1.5034e+02   1.0256e+04   1.5025e+02   3.0253e+04   1.5044e+02   2.5590e+04   1.5042e+02   
 59816.002604   7.3720e+04   1.5148e+02   7.3720e+04   1.5148e+02   7.3720e+04   1.5148e+02   5.4183e+05   1.5141e+02   2.3170e+05   1.5141e+02   6.7151e+04   1.5149e+02   2.0233e+04   1.5136e+02   2.0022e+04   1.5144e+02   1.0266e+04   1.5130e+02   3.0264e+04   1.5139e+02   2.5838e+04   1.5137e+02   
 59816.003067   6.7151e+04   1.4989e+02   6.7151e+04   1.4989e+02   6.7151e+04   1.4989e+02   4.9247e+05   1.4989e+02   2.1015e+05   1.4972e+02   6.1072e+04   1.4992e+02   1.8408e+04   1.4994e+02   1.7697e+04   1.4992e+02   9.2617e+03   1.4981e+02   2.7881e+04   1.4984e+02   2.3270e+04   1.4981e+02   
 59816.003530   7.4196e+04   1.4972e+02   7.4196e+04   1.4972e+02   7.4196e+04   1.4972e+02   5.4322e+05   1.4983e+02   2.2969e+05   1.4978e+02   6.7087e+04   1.4983e+02   2.0550e+04   1.4990e+02   1.9525e+04   1.4972e+02   1.0464e+04   1.4983e+02   3.0200e+04   1.4978e+02   2.5914e+04   1.4973e+02   
 59816.003993   7.3564e+04   1.4989e+02   7.3564e+04   1.4989e+02   7.3564e+04   1.4989e+02   5.3823e+05   1.4984e+02   2.2897e+05   1.4979e+02   6.6764e+04   1.4985e+02   2.0212e+04   1.4984e+02   1.9489e+04   1.4984e+02   1.0154e+04   1.4997e+02   3.0101e+04   1.4984e+02   2.5714e+04   1.4989e+02   
 59816.004456   6.8919e+04   1.4884e+02   6.8919e+04   1.4884e+02   6.8919e+04   1.4884e+02   5.0300e+05   1.4886e+02   2.1264e+05   1.4889e+02   6.2213e+04   1.4896e+02   1.8447e+04   1.4897e+02   1.8112e+04   1.4892e+02   9.2265e+03   1.4901e+02   2.7800e+04   1.4887e+02   2.3806e+04   1.4892e+02   
 59816.004919   6.5245e+04   1.4934e+02   6.5245e+04   1.4934e+02   6.5245e+04   1.4934e+02   4.8123e+05   1.4945e+02   2.0451e+05   1.4936e+02   6.0245e+04   1.4941e+02   1.8194e+04   1.4933e+02   1.7461e+04   1.4945e+02   9.0147e+03   1.4938e+02   2.7606e+04   1.4929e+02   2.2669e+04   1.4938e+02   
 59816.005370   7.1005e+04   1.4966e+02   7.1005e+04   1.4966e+02   7.1005e+04   1.4966e+02   5.1656e+05   1.4965e+02   2.1965e+05   1.4965e+02   6.4042e+04   1.4954e+02   1.9590e+04   1.4970e+02   1.8572e+04   1.4958e+02   9.6390e+03   1.4944e+02   2.9322e+04   1.4960e+02   2.4732e+04   1.4961e+02   
 59816.005833   7.6094e+04   1.4920e+02   6.6602e+03   1.4942e+02   7.6094e+04   1.4920e+02   5.5927e+05   1.4942e+02   2.3766e+05   1.4927e+02   6.9188e+04   1.4922e+02   2.1200e+04   1.4927e+02   2.0080e+04   1.4923e+02   1.0571e+04   1.4923e+02   3.1741e+04   1.4942e+02   2.7158e+04   1.4930e+02   
 59816.006296   7.4627e+04   1.4921e+02   7.4627e+04   1.4921e+02   7.4627e+04   1.4921e+02   5.4606e+05   1.4924e+02   2.3221e+05   1.4933e+02   6.7799e+04   1.4940e+02   2.0179e+04   1.4938e+02   1.9409e+04   1.4931e+02   1.0266e+04   1.4940e+02   3.0921e+04   1.4919e+02   2.6430e+04   1.4936e+02   
 59816.006759   6.8895e+04   1.4877e+02   6.8895e+04   1.4877e+02   6.8895e+04   1.4877e+02   5.0256e+05   1.4883e+02   2.1313e+05   1.4879e+02   6.2292e+04   1.4874e+02   1.8482e+04   1.4859e+02   1.8526e+04   1.4861e+02   9.4647e+03   1.4857e+02   2.8664e+04   1.4859e+02   2.4512e+04   1.4872e+02   
 59816.007222   7.1977e+04   1.4920e+02   7.1977e+04   1.4920e+02   7.1977e+04   1.4920e+02   5.2482e+05   1.4918e+02   2.2252e+05   1.4920e+02   6.4864e+04   1.4930e+02   1.9463e+04   1.4926e+02   1.8454e+04   1.4925e+02   1.0012e+04   1.4916e+02   2.9598e+04   1.4915e+02   2.5638e+04   1.4921e+02   
 59816.007685   7.3060e+04   1.4873e+02   6.2202e+03   1.4893e+02   7.3060e+04   1.4873e+02   5.2866e+05   1.4875e+02   2.2403e+05   1.4880e+02   6.5314e+04   1.4878e+02   1.9569e+04   1.4886e+02   1.9072e+04   1.4878e+02   1.0038e+04   1.4881e+02   2.9583e+04   1.4873e+02   2.5425e+04   1.4892e+02   
 59816.008148   7.1910e+04   1.4937e+02   7.1910e+04   1.4937e+02   7.1910e+04   1.4937e+02   5.2400e+05   1.4932e+02   2.2173e+05   1.4930e+02   6.4601e+04   1.4940e+02   1.9868e+04   1.4927e+02   1.9180e+04   1.4940e+02   9.9806e+03   1.4937e+02   2.9554e+04   1.4952e+02   2.5670e+04   1.4938e+02   
 59816.008611   7.3910e+04   1.4963e+02   6.5350e+03   1.4953e+02   7.3910e+04   1.4963e+02   5.3948e+05   1.4956e+02   2.2773e+05   1.4956e+02   6.6778e+04   1.4954e+02   2.0407e+04   1.4953e+02   1.9289e+04   1.4949e+02   1.0591e+04   1.4961e+02   3.0772e+04   1.4968e+02   2.5923e+04   1.4951e+02   
 59816.009074   7.3360e+04   1.4987e+02   6.7978e+03   1.4989e+02   7.3360e+04   1.4987e+02   5.3120e+05   1.4987e+02   2.2497e+05   1.4990e+02   6.5643e+04   1.4984e+02   2.0098e+04   1.4985e+02   1.8749e+04   1.4984e+02   9.9429e+03   1.4980e+02   2.9852e+04   1.4994e+02   2.6012e+04   1.4989e+02   
