#               Exoplanet                 Calib #01                 Calib #02                 Calib #03                 Calib #04                 Calib #05                 Calib #06                 Calib #07                 Calib #08                 Calib #09                 Calib #10
# time (MJD)    FLUX_AUTO  FLUXERR_AUTO   FLUX_AUTO  FLUXERR_AUTO   FLUX_AUTO  FLUXERR_AUTO   FLUX_AUTO  FLUXERR_AUTO   FLUX_AUTO  FLUXERR_AUTO   FLUX_AUTO  FLUXERR_AUTO   FLUX_AUTO  FLUXERR_AUTO   FLUX_AUTO  FLUXERR_AUTO   FLUX_AUTO  FLUXERR_AUTO   FLUX_AUTO  FLUXERR_AUTO   FLUX_AUTO  FLUXERR_AUTO   
#-----------------------------------------------------------------------------------------------------------------------------------------------------------------------------------------------------------------------------------------------------------------------------------------------------------
 59815.946042   1.2378e+05   1.9437e+02   4.6501e+04   1.9204e+02   8.1304e+03   1.6645e+02   9.4034e+05   2.0649e+02   4.0434e+05   1.9758e+02   1.2058e+05   1.9894e+02   3.6334e+04   2.0430e+02   3.3942e+04   1.8682e+02   1.9292e+04   1.8968e+02   5.3765e+04   1.7945e+02   4.4849e+04   1.7895e+02   
 59815.953171   1.2826e+05   1.8993e+02   4.8774e+04   1.9388e+02   8.9150e+03   1.7419e+02   9.7494e+05   1.9987e+02   4.2046e+05   1.9344e+02   1.2299e+05   1.9775e+02   3.8576e+04   1.9037e+02   3.4861e+04   1.7896e+02   2.0054e+04   1.8724e+02   5.6264e+04   1.8269e+02   4.6586e+04   1.7224e+02   
 59815.953634   1.2888e+05   2.0476e+02   4.8882e+04   2.0393e+02   8.9863e+03   1.7839e+02   9.7880e+05   2.1203e+02   4.2139e+05   2.0761e+02   1.2286e+05   2.1043e+02   3.8415e+04   1.9679e+02   3.4733e+04   1.9464e+02   2.0239e+04   1.9934e+02   5.6383e+04   1.9464e+02   4.6745e+04   1.8804e+02   
 59815.954097   1.2511e+05   2.1948e+02   4.7567e+04   2.1368e+02   7.9602e+03   1.8028e+02   9.5585e+05   2.2897e+02   3.8399e+05   2.0347e+02   1.2224e+05   2.2428e+02   3.9002e+04   2.1904e+02   3.4216e+04   2.0584e+02   1.8928e+04   2.0347e+02   5.4669e+04   2.0347e+02   4.6922e+04   2.1904e+02   
 59815.954560   1.2834e+05   1.9637e+02   4.9679e+04   1.9594e+02   9.6074e+03   1.7926e+02   9.8357e+05   2.0521e+02   4.2184e+05   1.9808e+02   1.2429e+05   2.0272e+02   3.8892e+04   1.9594e+02   3.5217e+04   1.8665e+02   1.9541e+04   1.8665e+02   5.6304e+04   1.8299e+02   4.7304e+04   1.8020e+02   
 59815.955023   1.2878e+05   1.9432e+02   4.9554e+04   1.9346e+02   8.7204e+03   1.7486e+02   9.8481e+05   1.9983e+02   4.2221e+05   1.8865e+02   1.2487e+05   2.0066e+02   3.9272e+04   1.9646e+02   3.4769e+04   1.8096e+02   1.9994e+04   1.8909e+02   5.5704e+04   1.8050e+02   4.7131e+04   1.7911e+02   
 59815.955475   1.2909e+05   1.9209e+02   4.9540e+04   1.9209e+02   8.8321e+03   1.7630e+02   9.8284e+05   1.9847e+02   4.2226e+05   1.9381e+02   1.2371e+05   1.9721e+02   3.8976e+04   1.8727e+02   3.5257e+04   1.8504e+02   1.9986e+04   1.8459e+02   5.6648e+04   1.7910e+02   4.7743e+04   1.8368e+02   
 59815.955938   1.2851e+05   1.9669e+02   4.9247e+04   1.9711e+02   9.0896e+03   1.7808e+02   9.8115e+05   2.0536e+02   4.2160e+05   1.9414e+02   1.2352e+05   2.0210e+02   3.8712e+04   1.9414e+02   3.5044e+04   1.9155e+02   1.9803e+04   1.9112e+02   5.5712e+04   1.8268e+02   4.7262e+04   1.8359e+02   
 59815.956400   1.2895e+05   1.9576e+02   4.8611e+04   1.9448e+02   9.1474e+03   1.7972e+02   9.8051e+05   2.0454e+02   4.2102e+05   1.9231e+02   1.2262e+05   2.0083e+02   3.8980e+04   1.9144e+02   3.5075e+04   1.8065e+02   2.0156e+04   1.8702e+02   5.5617e+04   1.8065e+02   4.7004e+04   1.7785e+02   
 59815.956863   1.2865e+05   1.8531e+02   4.9477e+04   1.8665e+02   9.5155e+03   1.7800e+02   9.8531e+05   1.9491e+02   4.2195e+05   1.8169e+02   1.2322e+05   1.9061e+02   3.9013e+04   1.8665e+02   3.4987e+04   1.7893e+02   1.9344e+04   1.7087e+02   5.5981e+04   1.7280e+02   4.7538e+04   1.7566e+02   
 59815.957326   1.2935e+05   1.8922e+02   4.9557e+04   1.9183e+02   9.4494e+03   1.7177e+02   9.8249e+05   1.9987e+02   4.2245e+05   1.8790e+02   1.2337e+05   1.9610e+02   3.8994e+04   1.9140e+02   3.5291e+04   1.7979e+02   2.0030e+04   1.8434e+02   5.6859e+04   1.7840e+02   4.7114e+04   1.7793e+02   
 59815.957789   1.2946e+05   1.9377e+02   4.9236e+04   1.8726e+02   9.0544e+03   1.8097e+02   9.8786e+05   2.0131e+02   4.2280e+05   1.9162e+02   1.2382e+05   1.9799e+02   3.8740e+04   1.8858e+02   3.5233e+04   1.7959e+02   2.0234e+04   1.8902e+02   5.5768e+04   1.7681e+02   4.7289e+04   1.8005e+02   
 59815.958252   1.2879e+05   1.8911e+02   4.9446e+04   1.9129e+02   9.1665e+03   1.7690e+02   9.8529e+05   1.9557e+02   4.2203e+05   1.8468e+02   1.2386e+05   1.9387e+02   3.8752e+04   1.8955e+02   3.5258e+04   1.7502e+02   1.9684e+04   1.7830e+02   5.6630e+04   1.7690e+02   4.7908e+04   1.7311e+02   
 59815.958715   1.2841e+05   1.9531e+02   4.9242e+04   1.9404e+02   9.2412e+03   1.7767e+02   9.8273e+05   2.0436e+02   4.2175e+05   1.9362e+02   1.2252e+05   1.9947e+02   3.8466e+04   1.9019e+02   3.5271e+04   1.8179e+02   1.9787e+04   1.8359e+02   5.6097e+04   1.8448e+02   4.7254e+04   1.7860e+02   
 59815.959178   1.2941e+05   1.8396e+02   5.0000e+04   1.8262e+02   9.6236e+03   1.7946e+02   9.8514e+05   1.9179e+02   4.2205e+05   1.8127e+02   1.2364e+05   1.9007e+02   3.8942e+04   1.8217e+02   3.5276e+04   1.7763e+02   2.0295e+04   1.8396e+02   5.6270e+04   1.6817e+02   4.8093e+04   1.6866e+02   
 59815.959641   1.2905e+05   1.8841e+02   4.9578e+04   1.8578e+02   9.5111e+03   1.8088e+02   9.8478e+05   1.9690e+02   4.2185e+05   1.8622e+02   1.2470e+05   1.9731e+02   3.9242e+04   1.8754e+02   3.4944e+04   1.8268e+02   1.9675e+04   1.7860e+02   5.6083e+04   1.7630e+02   4.7661e+04   1.7583e+02   
 59815.960104   1.2974e+05   1.9246e+02   4.9308e+04   1.8689e+02   8.9102e+03   1.7005e+02   9.8699e+05   2.0112e+02   4.2030e+05   1.9033e+02   1.2325e+05   1.9539e+02   3.9038e+04   1.8948e+02   3.5490e+04   1.8514e+02   1.9779e+04   1.8514e+02   5.5926e+04   1.7798e+02   4.8227e+04   1.7980e+02   
 59815.960567   1.2976e+05   1.8957e+02   4.9635e+04   1.9084e+02   9.4703e+03   1.7675e+02   9.8668e+05   1.9587e+02   4.2372e+05   1.8612e+02   1.2342e+05   1.9169e+02   3.9210e+04   1.9127e+02   3.4911e+04   1.7629e+02   2.0375e+04   1.8785e+02   5.5935e+04   1.7258e+02   4.8052e+04   1.7211e+02   
 59815.961030   1.2923e+05   1.8743e+02   4.9446e+04   1.8173e+02   9.7645e+03   1.7904e+02   9.8648e+05   1.9629e+02   4.2095e+05   1.8262e+02   1.2385e+05   1.9085e+02   3.8767e+04   1.8306e+02   3.5385e+04   1.7994e+02   2.0212e+04   1.8039e+02   5.6557e+04   1.7446e+02   4.7581e+04   1.6832e+02   
 59815.961493   1.2997e+05   1.8868e+02   5.0180e+04   1.9124e+02   9.4835e+03   1.7673e+02   9.8834e+05   1.9789e+02   4.2474e+05   1.8609e+02   1.2394e+05   1.9376e+02   3.9036e+04   1.8434e+02   3.5542e+04   1.7809e+02   2.0412e+04   1.9124e+02   5.6163e+04   1.7302e+02   4.8359e+04   1.7535e+02   
 59815.961956   1.3015e+05   1.8458e+02   4.9778e+04   1.7883e+02   9.3909e+03   1.7382e+02   9.9078e+05   1.8931e+02   4.2446e+05   1.7838e+02   1.2329e+05   1.8458e+02   3.8831e+04   1.8327e+02   3.5709e+04   1.7474e+02   2.0328e+04   1.7973e+02   5.6455e+04   1.7008e+02   4.8114e+04   1.7149e+02   
 59815.962419   1.2914e+05   1.9372e+02   4.9382e+04   1.8867e+02   9.2257e+03   1.8082e+02   9.8741e+05   2.0067e+02   4.2335e+05   1.9037e+02   1.2354e+05   1.9906e+02   3.8807e+04   1.9784e+02   3.5394e+04   1.9121e+02   2.0397e+04   1.9247e+02   5.6104e+04   1.7813e+02   4.8082e+04   1.7903e+02   
 59815.962882   1.2987e+05   1.9445e+02   4.9572e+04   1.9154e+02   9.0867e+03   1.7447e+02   9.8950e+05   2.0093e+02   4.2326e+05   1.8944e+02   1.2407e+05   2.0053e+02   3.9484e+04   2.0252e+02   3.5081e+04   1.8774e+02   2.0480e+04   1.9112e+02   5.6446e+04   1.8034e+02   4.8179e+04   1.7720e+02   
 59815.963345   1.2934e+05   1.9086e+02   4.9312e+04   1.8917e+02   9.5685e+03   1.7865e+02   9.8861e+05   1.9750e+02   4.2393e+05   1.8831e+02   1.2388e+05   1.9791e+02   3.7745e+04   1.9504e+02   3.4976e+04   1.7910e+02   2.0512e+04   1.9170e+02   5.6125e+04   1.7500e+02   4.7757e+04   1.7128e+02   
 59815.963808   1.2987e+05   1.9716e+02   4.9926e+04   2.0273e+02   9.3326e+03   1.7489e+02   9.9108e+05   2.0624e+02   4.2340e+05   1.9431e+02   1.2468e+05   2.0313e+02   3.7573e+04   1.9917e+02   3.4940e+04   1.8636e+02   2.1034e+04   1.9142e+02   5.6982e+04   1.8464e+02   4.7480e+04   1.8464e+02   
 59815.964271   1.3044e+05   1.8598e+02   4.9928e+04   1.8683e+02   9.6967e+03   1.7943e+02   9.9324e+05   1.9477e+02   4.2654e+05   1.8252e+02   1.2459e+05   1.9188e+02   3.7700e+04   1.8469e+02   3.5466e+04   1.7765e+02   2.0599e+04   1.8683e+02   5.6348e+04   1.7218e+02   4.8212e+04   1.7032e+02   
 59815.964722   1.2956e+05   1.8267e+02   4.9996e+04   1.8310e+02   9.0626e+03   1.6810e+02   9.9180e+05   1.9287e+02   4.2537e+05   1.8179e+02   1.2437e+05   1.8911e+02   3.7824e+04   1.8267e+02   3.5521e+04   1.7780e+02   2.0504e+04   1.8613e+02   5.6370e+04   1.7046e+02   4.8128e+04   1.6619e+02   
 59815.965185   1.3095e+05   1.8738e+02   5.0233e+04   1.8990e+02   9.4358e+03   1.7517e+02   9.9365e+05   1.9443e+02   4.2303e+05   1.8355e+02   1.2400e+05   1.9073e+02   3.7563e+04   1.8865e+02   3.5085e+04   1.7517e+02   2.0356e+04   1.9197e+02   5.6313e+04   1.7013e+02   4.8152e+04   1.7059e+02   
 59815.965648   1.2979e+05   1.8219e+02   4.9802e+04   1.8434e+02   9.1101e+03   1.6726e+02   9.8929e+05   1.9314e+02   4.2475e+05   1.8219e+02   1.2422e+05   1.8983e+02   3.7812e+04   1.8774e+02   3.4644e+04   1.6584e+02   1.9959e+04   1.8000e+02   5.6617e+04   1.7284e+02   4.8610e+04   1.7556e+02   
 59815.966111   1.2964e+05   1.9443e+02   4.9737e+04   1.9685e+02   8.8487e+03   1.7106e+02   9.9494e+05   2.0240e+02   4.2443e+05   1.8990e+02   1.2447e+05   1.9806e+02   3.7635e+04   1.9361e+02   3.4918e+04   1.7830e+02   2.0374e+04   1.8823e+02   5.6399e+04   1.7830e+02   4.7907e+04   1.7830e+02   
 59815.966574   1.3010e+05   1.9161e+02   4.9848e+04   1.9368e+02   8.1811e+03   1.6725e+02   9.9324e+05   2.0211e+02   4.2416e+05   1.8995e+02   1.2376e+05   1.9733e+02   3.7831e+04   1.9409e+02   3.5169e+04   1.8313e+02   1.9971e+04   1.8529e+02   5.5982e+04   1.8051e+02   4.8416e+04   1.7469e+02   
 59815.967037   1.3001e+05   1.8227e+02   4.9712e+04   1.8698e+02   8.8182e+03   1.6781e+02   9.9080e+05   1.9199e+02   4.2472e+05   1.8008e+02   1.2395e+05   1.8698e+02   3.7221e+04   1.8096e+02   3.4989e+04   1.7473e+02   2.0460e+04   1.7061e+02   5.6149e+04   1.7015e+02   4.8070e+04   1.6921e+02   
 59815.967500   1.3007e+05   1.8214e+02   4.9272e+04   1.8683e+02   9.1894e+03   1.7284e+02   9.9406e+05   1.8933e+02   4.2319e+05   1.7777e+02   1.2324e+05   1.8471e+02   3.7850e+04   1.8257e+02   3.4559e+04   1.6540e+02   1.9797e+04   1.7147e+02   5.6364e+04   1.6916e+02   4.7931e+04   1.6635e+02   
 59815.967963   1.3055e+05   2.0085e+02   5.0789e+04   2.0736e+02   9.3820e+03   1.7860e+02   9.9230e+05   2.1147e+02   4.2019e+05   1.9811e+02   1.2439e+05   2.0924e+02   3.7669e+04   2.0547e+02   3.4975e+04   1.9169e+02   1.9782e+04   1.9250e+02   5.6241e+04   1.9128e+02   4.7839e+04   1.8631e+02   
 59815.968414   1.3102e+05   2.0160e+02   5.0097e+04   2.0508e+02   9.0637e+03   1.7848e+02   9.9098e+05   2.0660e+02   4.2293e+05   1.9608e+02   1.2330e+05   2.0277e+02   3.7309e+04   1.9925e+02   3.5723e+04   1.9568e+02   1.9817e+04   1.8832e+02   5.6154e+04   1.8749e+02   4.7819e+04   1.8496e+02   
 59815.968877   1.3079e+05   2.0195e+02   4.9823e+04   2.0575e+02   8.7842e+03   1.6799e+02   9.8860e+05   2.0911e+02   4.2159e+05   1.9610e+02   1.2366e+05   2.0386e+02   3.7007e+04   1.9650e+02   3.4164e+04   1.9170e+02   1.9657e+04   1.8803e+02   5.5950e+04   1.8762e+02   4.7636e+04   1.8470e+02   
 59815.969340   1.3127e+05   2.0987e+02   5.0482e+04   2.1644e+02   8.4716e+03   1.6645e+02   9.9013e+05   2.1966e+02   4.2154e+05   2.0726e+02   1.2275e+05   2.1061e+02   3.7432e+04   2.1536e+02   3.4375e+04   1.9527e+02   1.9698e+04   2.0155e+02   5.5695e+04   1.9726e+02   4.7720e+04   1.9488e+02   
 59815.969803   1.3132e+05   2.0728e+02   5.0755e+04   2.1134e+02   8.2783e+03   1.5626e+02   9.8659e+05   2.1711e+02   4.2194e+05   2.0578e+02   1.2210e+05   2.1024e+02   3.7605e+04   2.1352e+02   3.4450e+04   1.9498e+02   1.9809e+04   1.9852e+02   5.5586e+04   1.9179e+02   4.7121e+04   1.8935e+02   
 59815.970729   1.3043e+05   2.0508e+02   5.0126e+04   2.1141e+02   6.9280e+03   1.2765e+02   9.8133e+05   2.1541e+02   4.1677e+05   2.0279e+02   1.2106e+05   2.0845e+02   3.6799e+04   2.0808e+02   3.4447e+04   1.9379e+02   2.0022e+04   1.9658e+02   5.5375e+04   1.9259e+02   4.6399e+04   1.9218e+02   
 59815.971192   1.3139e+05   2.1150e+02   5.0178e+04   2.1725e+02   6.3771e+03   1.2787e+02   9.7679e+05   2.2043e+02   4.1754e+05   2.0967e+02   1.2119e+05   2.1475e+02   3.6577e+04   2.1003e+02   3.4327e+04   1.9755e+02   1.9752e+04   2.0670e+02   5.5081e+04   1.9676e+02   4.6765e+04   1.9949e+02   
 59815.971655   1.3011e+05   2.0666e+02   4.9660e+04   2.1394e+02   6.1410e+03   1.2372e+02   9.7944e+05   2.1643e+02   4.1475e+05   2.0102e+02   1.2078e+05   2.0996e+02   3.6440e+04   2.0591e+02   3.3874e+04   1.8926e+02   1.9119e+04   1.9444e+02   5.5571e+04   1.9640e+02   4.6731e+04   1.9247e+02   
 59815.972118   1.2961e+05   2.1660e+02   4.9300e+04   2.1941e+02   5.4104e+03   1.1615e+02   9.6948e+05   2.3098e+02   4.1273e+05   2.1410e+02   1.1932e+05   2.2150e+02   3.6503e+04   2.2493e+02   3.3155e+04   2.0608e+02   1.9236e+04   2.0940e+02   5.4573e+04   2.0867e+02   4.6174e+04   2.0458e+02   
 59815.972581   1.3303e+05   2.3985e+02   4.9043e+04   2.3599e+02   4.9043e+04   2.3599e+02   9.6834e+05   2.4521e+02   4.1009e+05   2.2774e+02   1.1901e+05   2.3403e+02   3.5812e+04   2.3305e+02   3.3033e+04   2.1778e+02   1.9251e+04   2.1778e+02   5.4615e+04   2.2264e+02   4.5730e+04   2.1988e+02   
 59815.973032   1.2759e+05   2.1269e+02   4.8811e+04   2.1233e+02   4.8811e+04   2.1233e+02   9.5776e+05   2.2293e+02   4.0698e+05   2.0941e+02   1.1781e+05   2.2050e+02   3.6346e+04   2.1485e+02   3.3449e+04   1.9963e+02   1.8760e+04   2.0116e+02   5.4030e+04   2.0682e+02   4.5828e+04   2.0078e+02   
 59815.973495   1.2697e+05   2.1671e+02   4.8438e+04   2.1706e+02   4.8438e+04   2.1706e+02   9.5760e+05   2.2873e+02   4.0383e+05   2.1351e+02   1.1672e+05   2.1812e+02   3.5478e+04   2.0880e+02   3.3660e+04   2.1062e+02   1.8862e+04   2.0843e+02   5.3716e+04   2.0548e+02   4.5161e+04   2.0248e+02   
 59815.973958   1.3140e+05   2.2937e+02   4.7862e+04   2.1107e+02   4.7862e+04   2.1107e+02   9.5222e+05   2.2804e+02   4.0471e+05   2.1500e+02   1.1678e+05   2.2298e+02   3.5244e+04   2.1322e+02   3.3226e+04   2.1287e+02   1.9229e+04   2.1606e+02   5.3315e+04   2.0262e+02   4.4655e+04   2.0149e+02   
 59815.974421   1.3089e+05   2.2933e+02   4.8961e+04   2.2023e+02   4.8961e+04   2.2023e+02   9.4990e+05   2.3098e+02   4.0231e+05   2.1816e+02   1.1609e+05   2.2160e+02   3.5632e+04   2.1288e+02   3.2882e+04   2.1074e+02   1.8733e+04   2.1324e+02   5.2985e+04   2.0965e+02   4.4539e+04   2.0527e+02   
 59815.974884   1.2610e+05   2.1674e+02   4.7883e+04   2.2055e+02   4.7883e+04   2.2055e+02   9.4466e+05   2.2698e+02   3.9993e+05   2.1321e+02   1.1544e+05   2.1321e+02   3.5426e+04   2.0781e+02   3.2584e+04   2.0227e+02   1.8475e+04   2.0376e+02   5.2340e+04   2.0190e+02   4.4632e+04   1.9849e+02   
 59815.975347   1.2596e+05   2.1967e+02   4.8384e+04   2.2547e+02   4.8384e+04   2.2547e+02   9.3184e+05   2.2947e+02   3.9731e+05   2.1514e+02   1.1419e+05   2.1967e+02   3.4873e+04   2.1549e+02   3.2488e+04   2.0760e+02   1.8270e+04   2.1158e+02   5.2629e+04   2.1014e+02   4.4194e+04   2.0723e+02   
 59815.975810   1.2398e+05   2.1870e+02   4.7876e+04   2.1487e+02   4.7876e+04   2.1487e+02   9.2700e+05   2.2549e+02   3.9333e+05   2.1097e+02   1.1298e+05   2.1522e+02   3.4509e+04   2.1275e+02   3.2392e+04   2.0370e+02   1.7986e+04   2.0517e+02   5.2540e+04   2.0407e+02   4.3696e+04   2.0295e+02   
 59815.976273   1.2444e+05   2.1340e+02   4.7325e+04   2.0985e+02   4.7325e+04   2.0985e+02   9.2772e+05   2.2101e+02   3.9337e+05   2.0841e+02   1.1285e+05   2.0949e+02   3.4301e+04   2.0477e+02   3.2269e+04   2.0107e+02   1.7923e+04   2.0367e+02   5.2297e+04   2.0182e+02   4.3648e+04   2.0256e+02   
 59815.976736   1.2319e+05   2.2345e+02   4.6881e+04   2.1661e+02   4.6881e+04   2.1661e+02   9.2421e+05   2.3621e+02   3.9024e+05   2.1868e+02   1.1232e+05   2.2277e+02   3.5037e+04   2.1971e+02   3.2344e+04   2.1063e+02   1.7492e+04   2.0955e+02   5.1296e+04   2.1487e+02   4.3464e+04   2.1027e+02   
 59815.977199   1.2306e+05   2.2905e+02   4.6114e+04   2.2310e+02   4.6114e+04   2.2310e+02   9.2100e+05   2.4113e+02   3.8864e+05   2.2709e+02   1.1204e+05   2.2905e+02   3.4148e+04   2.2410e+02   3.1359e+04   2.1456e+02   1.7786e+04   2.1211e+02   5.1979e+04   2.2310e+02   4.2845e+04   2.1699e+02   
 59815.977662   1.2142e+05   2.1991e+02   4.6651e+04   2.2194e+02   4.6651e+04   2.2194e+02   9.1185e+05   2.3217e+02   3.8330e+05   2.1544e+02   1.1111e+05   2.2025e+02   3.4442e+04   2.1405e+02   3.1272e+04   2.0909e+02   1.7198e+04   1.9957e+02   5.1625e+04   2.1752e+02   4.2561e+04   2.1016e+02   
 59815.978113   1.2079e+05   2.1728e+02   4.6007e+04   2.1694e+02   4.6007e+04   2.1694e+02   9.0288e+05   2.2929e+02   3.7963e+05   2.1243e+02   1.0951e+05   2.1487e+02   3.3971e+04   2.1694e+02   3.0763e+04   2.0348e+02   1.7118e+04   1.9754e+02   5.0443e+04   2.0421e+02   4.2162e+04   2.0711e+02   
 59815.978576   1.1957e+05   2.1604e+02   4.6042e+04   2.1845e+02   4.6042e+04   2.1845e+02   8.9519e+05   2.2750e+02   3.7641e+05   2.1042e+02   1.0854e+05   2.1569e+02   3.3361e+04   2.1430e+02   3.0962e+04   2.0429e+02   1.6968e+04   1.9416e+02   5.0458e+04   2.0756e+02   4.2042e+04   1.9872e+02   
 59815.979039   1.1970e+05   2.1725e+02   4.5552e+04   2.1587e+02   4.5552e+04   2.1587e+02   8.9154e+05   2.2598e+02   3.7619e+05   2.1064e+02   1.0744e+05   2.1204e+02   3.3586e+04   2.1414e+02   3.0534e+04   1.9637e+02   1.7027e+04   1.9446e+02   4.9688e+04   2.0454e+02   4.1989e+04   1.9675e+02   
 59815.979502   1.1898e+05   2.0165e+02   4.5398e+04   2.0202e+02   4.5398e+04   2.0202e+02   8.8574e+05   2.1202e+02   3.7415e+05   1.9720e+02   1.0777e+05   1.9795e+02   3.3359e+04   1.9832e+02   3.0150e+04   1.8036e+02   1.6772e+04   1.7954e+02   4.9665e+04   1.9456e+02   4.1615e+04   1.8321e+02   
 59815.979965   1.1792e+05   1.9564e+02   4.5287e+04   1.9938e+02   4.5287e+04   1.9938e+02   8.8022e+05   2.0342e+02   3.7140e+05   1.9105e+02   1.0670e+05   1.9221e+02   3.3099e+04   1.9105e+02   2.9982e+04   1.8031e+02   1.6216e+04   1.7363e+02   4.9201e+04   1.8356e+02   4.1345e+04   1.7866e+02   
 59815.980428   1.1801e+05   2.3200e+02   4.5531e+04   2.3734e+02   4.5531e+04   2.3734e+02   8.7275e+05   2.3889e+02   3.6761e+05   2.2359e+02   1.0733e+05   2.2719e+02   3.2848e+04   2.2160e+02   2.9820e+04   2.1381e+02   1.6571e+04   2.0644e+02   4.9516e+04   2.2160e+02   4.1093e+04   2.1138e+02   
 59815.980891   1.1639e+05   2.4546e+02   4.4407e+04   2.4725e+02   4.4407e+04   2.4725e+02   8.6902e+05   2.5744e+02   3.6518e+05   2.3909e+02   1.0613e+05   2.4486e+02   3.2728e+04   2.3724e+02   2.9843e+04   2.3032e+02   1.6201e+04   2.1617e+02   4.8374e+04   2.3381e+02   4.0252e+04   2.2319e+02   
 59815.981354   1.1486e+05   2.1922e+02   4.4888e+04   2.2970e+02   4.4888e+04   2.2970e+02   8.6185e+05   2.2874e+02   3.6169e+05   2.1276e+02   1.0448e+05   2.1516e+02   3.2259e+04   2.1585e+02   2.9399e+04   2.0104e+02   1.6209e+04   1.9957e+02   4.8149e+04   2.0716e+02   4.0423e+04   1.9957e+02   
 59815.981817   1.1472e+05   2.0721e+02   4.4035e+04   2.1689e+02   4.4035e+04   2.1689e+02   8.5644e+05   2.2321e+02   3.6042e+05   2.0686e+02   1.0387e+05   2.0756e+02   3.1703e+04   1.9928e+02   2.8741e+04   1.9179e+02   1.6376e+04   1.9743e+02   4.8198e+04   2.0001e+02   3.9865e+04   1.9179e+02   
 59815.982269   1.1314e+05   2.3360e+02   4.3595e+04   2.3701e+02   4.3595e+04   2.3701e+02   8.4840e+05   2.5193e+02   3.5637e+05   2.3485e+02   1.0343e+05   2.3977e+02   3.1564e+04   2.2695e+02   2.8687e+04   2.1574e+02   1.6492e+04   2.1810e+02   4.7186e+04   2.2630e+02   3.9894e+04   2.2306e+02   
 59815.982731   1.1207e+05   2.4040e+02   4.2960e+04   2.3796e+02   4.2960e+04   2.3796e+02   8.4286e+05   2.5825e+02   3.5227e+05   2.3918e+02   1.0253e+05   2.4491e+02   3.1238e+04   2.3425e+02   2.8280e+04   2.2209e+02   1.5754e+04   2.1475e+02   4.6953e+04   2.3394e+02   3.9330e+04   2.2503e+02   
 59815.983194   1.1242e+05   2.1623e+02   4.3164e+04   2.1522e+02   4.3164e+04   2.1522e+02   8.3711e+05   2.2772e+02   3.5105e+05   2.1078e+02   1.0195e+05   2.0974e+02   3.1074e+04   2.0517e+02   2.8109e+04   1.9423e+02   1.5725e+04   2.0303e+02   4.6474e+04   2.0195e+02   3.9287e+04   1.9647e+02   
 59815.983657   1.1184e+05   2.1659e+02   4.2002e+04   2.1119e+02   4.2002e+04   2.1119e+02   8.3285e+05   2.2604e+02   3.4863e+05   2.1119e+02   1.0255e+05   2.1592e+02   3.1389e+04   2.1592e+02   2.8171e+04   1.9705e+02   1.6075e+04   2.0705e+02   4.6307e+04   2.0103e+02   3.8555e+04   1.9631e+02   
 59815.984120   1.1111e+05   2.4995e+02   4.2020e+04   2.4073e+02   4.2020e+04   2.4073e+02   8.2347e+05   2.6053e+02   3.4491e+05   2.4254e+02   1.0012e+05   2.4701e+02   3.0491e+04   2.3644e+02   2.7608e+04   2.2113e+02   1.5835e+04   2.1579e+02   4.6087e+04   2.3427e+02   3.8091e+04   2.2473e+02   
 59815.984583   1.0982e+05   2.5087e+02   4.0841e+04   2.4562e+02   4.0841e+04   2.4562e+02   8.1850e+05   2.6435e+02   3.4248e+05   2.4592e+02   9.9745e+04   2.5459e+02   3.0176e+04   2.4206e+02   2.7070e+04   2.3074e+02   1.6032e+04   2.2599e+02   4.5389e+04   2.3417e+02   3.8125e+04   2.3074e+02   
 59815.985046   1.0866e+05   2.7505e+02   4.1245e+04   2.5972e+02   4.1245e+04   2.5972e+02   8.1023e+05   2.9327e+02   3.4048e+05   2.7583e+02   9.8318e+04   2.7557e+02   2.9672e+04   2.5861e+02   2.7122e+04   2.4897e+02   1.4815e+04   2.1520e+02   4.5433e+04   2.5972e+02   3.7456e+04   2.5553e+02   
 59815.985509   1.0690e+05   2.7954e+02   4.0547e+04   2.6183e+02   4.0547e+04   2.6183e+02   8.0210e+05   2.9836e+02   3.3560e+05   2.8107e+02   9.7951e+04   2.8486e+02   2.8983e+04   2.6101e+02   2.6643e+04   2.5094e+02   1.4890e+04   2.1896e+02   4.4623e+04   2.7043e+02   3.7035e+04   2.5991e+02   
 59815.985972   1.0844e+05   2.3701e+02   4.1087e+04   2.3912e+02   4.1087e+04   2.3912e+02   7.9891e+05   2.4417e+02   3.3394e+05   2.2456e+02   9.7602e+04   2.3242e+02   2.9527e+04   2.2488e+02   2.6485e+04   2.0864e+02   1.4741e+04   2.0967e+02   4.4821e+04   2.2295e+02   3.7362e+04   2.1273e+02   
 59815.986435   1.0676e+05   2.7031e+02   3.8877e+04   2.5046e+02   3.8877e+04   2.5046e+02   7.9073e+05   2.8008e+02   3.3039e+05   2.6287e+02   9.6476e+04   2.6475e+02   2.9093e+04   2.5550e+02   2.6415e+04   2.3770e+02   1.4647e+04   2.1747e+02   4.4242e+04   2.5271e+02   3.6936e+04   2.5187e+02   
 59815.986898   1.0579e+05   2.7519e+02   3.9926e+04   2.5576e+02   3.9926e+04   2.5576e+02   7.8302e+05   2.8945e+02   3.2864e+05   2.7390e+02   9.5958e+04   2.7850e+02   2.8489e+04   2.5851e+02   2.6241e+04   2.4791e+02   1.4457e+04   2.1593e+02   4.3732e+04   2.6285e+02   3.6241e+04   2.5493e+02   
 59815.987350   1.0379e+05   2.2757e+02   3.9337e+04   2.2504e+02   3.9337e+04   2.2504e+02   7.7838e+05   2.3982e+02   3.2423e+05   2.2055e+02   9.5135e+04   2.2473e+02   2.7663e+04   2.1363e+02   2.5748e+04   1.9979e+02   1.4648e+04   1.9799e+02   4.3077e+04   2.1195e+02   3.6470e+04   2.0820e+02   
 59815.987812   1.0357e+05   2.4775e+02   3.8846e+04   2.3776e+02   3.8846e+04   2.3776e+02   7.6754e+05   2.5764e+02   3.2070e+05   2.3955e+02   9.4086e+04   2.4631e+02   2.7239e+04   2.3013e+02   2.5411e+04   2.2031e+02   1.4238e+04   2.1002e+02   4.2703e+04   2.3013e+02   3.5382e+04   2.2575e+02   
 59815.988275   1.0224e+05   2.6315e+02   3.7947e+04   2.3429e+02   3.7947e+04   2.3429e+02   7.6605e+05   2.7569e+02   3.1900e+05   2.5583e+02   9.3069e+04   2.5611e+02   2.6822e+04   2.3248e+02   2.5041e+04   2.2635e+02   1.3640e+04   2.0308e+02   4.2350e+04   2.4285e+02   3.5568e+04   2.4052e+02   
 59815.988738   1.0216e+05   2.3759e+02   3.7880e+04   2.2260e+02   3.7880e+04   2.2260e+02   7.5376e+05   2.4944e+02   3.1495e+05   2.3006e+02   9.2359e+04   2.3580e+02   2.7091e+04   2.1781e+02   2.5339e+04   2.0890e+02   1.3953e+04   2.0309e+02   4.1238e+04   2.1813e+02   3.4910e+04   2.1488e+02   
 59815.989201   1.0023e+05   2.3854e+02   3.7708e+04   2.2048e+02   3.7708e+04   2.2048e+02   7.4902e+05   2.5144e+02   3.1106e+05   2.3197e+02   9.2177e+04   2.3527e+02   2.7359e+04   2.2614e+02   2.4913e+04   2.1335e+02   1.4359e+04   2.0970e+02   4.1360e+04   2.2111e+02   3.4767e+04   2.2175e+02   
 59815.989664   1.0038e+05   2.7586e+02   3.3433e+04   2.1407e+02   3.3433e+04   2.1407e+02   7.4321e+05   2.8961e+02   3.1053e+05   2.7358e+02   9.0671e+04   2.7786e+02   2.6416e+04   2.5438e+02   2.4678e+04   2.4436e+02   1.3398e+04   2.0948e+02   4.1230e+04   2.6005e+02   3.4864e+04   2.5952e+02   
 59815.990127   9.9420e+04   2.6943e+02   3.4404e+04   2.1967e+02   3.4404e+04   2.1967e+02   7.4108e+05   2.8278e+02   3.0879e+05   2.6579e+02   9.0494e+04   2.6605e+02   2.7171e+04   2.5863e+02   2.4488e+04   2.4254e+02   1.2831e+04   2.0629e+02   4.1382e+04   2.5890e+02   3.4434e+04   2.4848e+02   
 59815.990590   9.7072e+04   2.4866e+02   3.3352e+04   1.9937e+02   3.3352e+04   1.9937e+02   7.2628e+05   2.6452e+02   3.0252e+05   2.4643e+02   8.9266e+04   2.4754e+02   2.5891e+04   2.2991e+02   2.4154e+04   2.2103e+02   1.3095e+04   1.9937e+02   4.0123e+04   2.3407e+02   3.2987e+04   2.2259e+02   
 59815.991053   9.7656e+04   2.2933e+02   3.4587e+04   1.8847e+02   3.4587e+04   1.8847e+02   7.2328e+05   2.4246e+02   3.0009e+05   2.2201e+02   8.8165e+04   2.2478e+02   2.6108e+04   2.1315e+02   2.4262e+04   2.0659e+02   1.2861e+04   1.8920e+02   4.0310e+04   2.2139e+02   3.3175e+04   2.0891e+02   
 59815.991516   9.6697e+04   2.1742e+02   3.4006e+04   1.8033e+02   3.4006e+04   1.8033e+02   7.1624e+05   2.2846e+02   2.9865e+05   2.0910e+02   8.8150e+04   2.1362e+02   2.6013e+04   2.0178e+02   2.3964e+04   1.9242e+02   1.2867e+04   1.8811e+02   3.9439e+04   2.0414e+02   3.3254e+04   1.9242e+02   
 59815.991979   9.6031e+04   2.3764e+02   3.1320e+04   1.8585e+02   3.1320e+04   1.8585e+02   7.0837e+05   2.5436e+02   2.9521e+05   2.3327e+02   8.7080e+04   2.4108e+02   2.5464e+04   2.1840e+02   2.3380e+04   2.1204e+02   1.2705e+04   1.9869e+02   3.9730e+04   2.2972e+02   3.3098e+04   2.2398e+02   
 59815.992431   9.5208e+04   2.1760e+02   3.0674e+04   1.6920e+02   3.0674e+04   1.6920e+02   7.0278e+05   2.2706e+02   2.9284e+05   2.0804e+02   8.6631e+04   2.0771e+02   2.5561e+04   2.0309e+02   2.3276e+04   1.9316e+02   1.2621e+04   1.8195e+02   3.8970e+04   2.0242e+02   3.2438e+04   1.9801e+02   
 59815.992894   9.3653e+04   2.2161e+02   2.8404e+04   1.6821e+02   2.8404e+04   1.6821e+02   6.9663e+05   2.3239e+02   2.8969e+05   2.1443e+02   8.6395e+04   2.1976e+02   2.5025e+04   2.0536e+02   2.3215e+04   1.9862e+02   1.2617e+04   1.8442e+02   3.8227e+04   2.0799e+02   3.1718e+04   1.9965e+02   
 59815.993356   9.3776e+04   2.5423e+02   2.2966e+04   1.6801e+02   2.2966e+04   1.6801e+02   6.9283e+05   2.6679e+02   2.8853e+05   2.5153e+02   8.5528e+04   2.5583e+02   2.4303e+04   2.3500e+02   2.2402e+04   2.2793e+02   1.2521e+04   1.9954e+02   3.8812e+04   2.4045e+02   3.2008e+04   2.3500e+02   
 59815.993819   9.3329e+04   2.3954e+02   2.2858e+04   1.6177e+02   2.2858e+04   1.6177e+02   6.8450e+05   2.5066e+02   2.8528e+05   2.3320e+02   8.5176e+04   2.3954e+02   2.4834e+04   2.2365e+02   2.3030e+04   2.1684e+02   1.2555e+04   2.0051e+02   3.7627e+04   2.2334e+02   3.1375e+04   2.2212e+02   
 59815.994282   9.1919e+04   2.0590e+02   2.5413e+04   1.4629e+02   2.5413e+04   1.4629e+02   6.8016e+05   2.1206e+02   2.8433e+05   1.9648e+02   8.3658e+04   1.9820e+02   2.4720e+04   1.9230e+02   2.2807e+04   1.8180e+02   1.2195e+04   1.6986e+02   3.8054e+04   1.9230e+02   3.1520e+04   1.8439e+02   
 59815.994745   9.2404e+04   2.2631e+02   2.2922e+04   1.4867e+02   2.2922e+04   1.4867e+02   6.8013e+05   2.3363e+02   2.8370e+05   2.1280e+02   8.3267e+04   2.1688e+02   2.4896e+04   2.1057e+02   2.2415e+04   2.0208e+02   1.2075e+04   1.8208e+02   3.7126e+04   2.1089e+02   3.0933e+04   2.0175e+02   
 59815.995208   9.0198e+04   2.1520e+02   2.2058e+04   1.4284e+02   2.2058e+04   1.4284e+02   6.7062e+05   2.2436e+02   2.7995e+05   2.0367e+02   8.2769e+04   2.0693e+02   2.4068e+04   2.0234e+02   2.2454e+04   1.9108e+02   1.2232e+04   1.8024e+02   3.6259e+04   2.0034e+02   3.1059e+04   1.9353e+02   
 59815.995671   8.9295e+04   2.1496e+02   2.0410e+04   1.3316e+02   2.0410e+04   1.3316e+02   6.6341e+05   2.3034e+02   2.7626e+05   2.0570e+02   8.1713e+04   2.1213e+02   2.3793e+04   1.9906e+02   2.2273e+04   1.9532e+02   1.1908e+04   1.7462e+02   3.6348e+04   2.0241e+02   3.0532e+04   1.9771e+02   
 59815.996134   8.8782e+04   2.4265e+02   1.7595e+04   1.3993e+02   1.7595e+04   1.3993e+02   6.5645e+05   2.5260e+02   2.7393e+05   2.3597e+02   8.1344e+04   2.3793e+02   2.3712e+04   2.2110e+02   2.2432e+04   2.1530e+02   1.1732e+04   1.8929e+02   3.6485e+04   2.3025e+02   3.0081e+04   2.1654e+02   
 59815.996597   8.8340e+04   2.3109e+02   1.5237e+04   1.2678e+02   1.5237e+04   1.2678e+02   6.5522e+05   2.3845e+02   2.7262e+05   2.2020e+02   8.1276e+04   2.2200e+02   2.4252e+04   2.1033e+02   2.1740e+04   2.0260e+02   1.1922e+04   1.8727e+02   3.6067e+04   2.1593e+02   3.0442e+04   2.0162e+02   
 59815.997060   8.8213e+04   2.1413e+02   1.4290e+04   1.1090e+02   1.4290e+04   1.1090e+02   6.5056e+05   2.1631e+02   2.7147e+05   1.9959e+02   8.1534e+04   2.0553e+02   2.3800e+04   1.9451e+02   2.1991e+04   1.8928e+02   1.2119e+04   1.7573e+02   3.6009e+04   2.0060e+02   2.9918e+04   1.8928e+02   
 59815.997523   8.7010e+04   2.4883e+02   8.1410e+03   1.1175e+02   8.1410e+03   1.1175e+02   6.4669e+05   2.6246e+02   2.6946e+05   2.4804e+02   7.9897e+04   2.4804e+02   2.3397e+04   2.3442e+02   2.1214e+04   2.2055e+02   1.1160e+04   1.8559e+02   3.5715e+04   2.3914e+02   2.9753e+04   2.3074e+02   
 59815.997986   8.6061e+04   2.3354e+02   6.8694e+03   1.0670e+02   6.8694e+03   1.0670e+02   6.3852e+05   2.4515e+02   2.6547e+05   2.2693e+02   7.9073e+04   2.2809e+02   2.2978e+04   2.1246e+02   2.1986e+04   2.1309e+02   1.1358e+04   1.8265e+02   3.5164e+04   2.1309e+02   2.9469e+04   2.0774e+02   
 59815.998912   8.6050e+04   2.0092e+02   6.1056e+03   9.5252e+01   6.1056e+03   9.5252e+01   6.3021e+05   2.0736e+02   2.6279e+05   1.8772e+02   7.8380e+04   1.9494e+02   2.3068e+04   1.8490e+02   2.2030e+04   1.8275e+02   1.1211e+04   1.6176e+02   3.4540e+04   1.8095e+02   2.9784e+04   1.7875e+02   
 59815.999375   8.5962e+04   2.0595e+02   4.9457e+03   8.5489e+01   4.9457e+03   8.5489e+01   6.2791e+05   2.0595e+02   2.6457e+05   1.9013e+02   7.8178e+04   1.9184e+02   2.3046e+04   1.8456e+02   2.2042e+04   1.8243e+02   1.1792e+04   1.6476e+02   3.4952e+04   1.8491e+02   2.9718e+04   1.8806e+02   
 59815.999838   8.5301e+04   2.0420e+02   6.5193e+03   1.4235e+02   8.5301e+04   2.0420e+02   6.2449e+05   2.0547e+02   2.6190e+05   1.8762e+02   7.7327e+04   1.9241e+02   2.3467e+04   1.8797e+02   2.2008e+04   1.8377e+02   1.1631e+04   1.6673e+02   3.4090e+04   1.8021e+02   2.9661e+04   1.8092e+02   
 59816.000301   8.3716e+04   2.0554e+02   5.9235e+03   1.3414e+02   8.3716e+04   2.0554e+02   6.2108e+05   2.1086e+02   2.6091e+05   1.9479e+02   7.7436e+04   2.0331e+02   2.3058e+04   1.9209e+02   2.2279e+04   1.9479e+02   1.1424e+04   1.7542e+02   3.4569e+04   1.8901e+02   2.9086e+04   1.8901e+02   
 59816.000764   8.4464e+04   2.3671e+02   8.4464e+04   2.3671e+02   8.4464e+04   2.3671e+02   6.1796e+05   2.4530e+02   2.5908e+05   2.3061e+02   7.7197e+04   2.3588e+02   2.2893e+04   2.2694e+02   2.2010e+04   2.2175e+02   1.0775e+04   1.8692e+02   3.4447e+04   2.2493e+02   2.9538e+04   2.2522e+02   
 59816.001227   8.2866e+04   2.0072e+02   6.8773e+03   1.5565e+02   8.2866e+04   2.0072e+02   6.1322e+05   2.1080e+02   2.5572e+05   1.9181e+02   7.6088e+04   1.9943e+02   2.2540e+04   1.8176e+02   2.1508e+04   1.8529e+02   1.1217e+04   1.6455e+02   3.3481e+04   1.8841e+02   2.8186e+04   1.8668e+02   
 59816.001678   8.2443e+04   2.7087e+02   8.2443e+04   2.7087e+02   8.2443e+04   2.7087e+02   6.1144e+05   2.8495e+02   2.5612e+05   2.7111e+02   7.6265e+04   2.7111e+02   2.2017e+04   2.4344e+02   2.1209e+04   2.3945e+02   1.0410e+04   1.8121e+02   3.4113e+04   2.5652e+02   2.8930e+04   2.5198e+02   
 59816.002141   8.3536e+04   2.3476e+02   8.3536e+04   2.3476e+02   8.3536e+04   2.3476e+02   6.0536e+05   2.3987e+02   2.5424e+05   2.2417e+02   7.5134e+04   2.2952e+02   2.2017e+04   2.1305e+02   2.1427e+04   2.0196e+02   1.0915e+04   1.8268e+02   3.3550e+04   2.1515e+02   2.9007e+04   2.1574e+02   
 59816.002604   8.2196e+04   2.2890e+02   8.2196e+04   2.2890e+02   8.2196e+04   2.2890e+02   6.0286e+05   2.3560e+02   2.5250e+05   2.1547e+02   7.5428e+04   2.2403e+02   2.2260e+04   2.1427e+02   2.1780e+04   2.0372e+02   1.0778e+04   1.7752e+02   3.3285e+04   2.1214e+02   2.8341e+04   2.0999e+02   
 59816.003067   8.1912e+04   2.6724e+02   8.1912e+04   2.6724e+02   8.1912e+04   2.6724e+02   5.9967e+05   2.7405e+02   2.5292e+05   2.6147e+02   7.5014e+04   2.6365e+02   2.2236e+04   2.3993e+02   2.1261e+04   2.3403e+02   1.0304e+04   1.8072e+02   3.4001e+04   2.5282e+02   2.8938e+04   2.5232e+02   
 59816.003530   8.1398e+04   2.1875e+02   8.1398e+04   2.1875e+02   8.1398e+04   2.1875e+02   5.9722e+05   2.2840e+02   2.4864e+05   2.1047e+02   7.4051e+04   2.1524e+02   2.2471e+04   2.1047e+02   2.0933e+04   1.9836e+02   1.0890e+04   1.7884e+02   3.2529e+04   2.0341e+02   2.8422e+04   2.0310e+02   
 59816.003993   8.0786e+04   2.1302e+02   8.0786e+04   2.1302e+02   8.0786e+04   2.1302e+02   5.9277e+05   2.2744e+02   2.4830e+05   2.1001e+02   7.3905e+04   2.1568e+02   2.2048e+04   2.0293e+02   2.0888e+04   1.9818e+02   1.0792e+04   1.7754e+02   3.2588e+04   2.0418e+02   2.7673e+04   1.9786e+02   
 59816.004456   8.0453e+04   2.4447e+02   8.0453e+04   2.4447e+02   8.0453e+04   2.4447e+02   5.9090e+05   2.5748e+02   2.4600e+05   2.4215e+02   7.3338e+04   2.4421e+02   2.1314e+04   2.2494e+02   2.1138e+04   2.2326e+02   1.0369e+04   1.7893e+02   3.2499e+04   2.3451e+02   2.8329e+04   2.3611e+02   
 59816.004919   7.9835e+04   2.6428e+02   7.9835e+04   2.6428e+02   7.9835e+04   2.6428e+02   5.8787e+05   2.7367e+02   2.4584e+05   2.6091e+02   7.4264e+04   2.6736e+02   2.1874e+04   2.3972e+02   2.0424e+04   2.2194e+02   9.5569e+03   1.7518e+02   3.3269e+04   2.4260e+02   2.7684e+04   2.4698e+02   
 59816.005370   7.9504e+04   2.2506e+02   7.9504e+04   2.2506e+02   7.9504e+04   2.2506e+02   5.8157e+05   2.3845e+02   2.4305e+05   2.1937e+02   7.2147e+04   2.2619e+02   2.1570e+04   2.0932e+02   2.0479e+04   1.9972e+02   1.0203e+04   1.7970e+02   3.2549e+04   2.1529e+02   2.7363e+04   2.1617e+02   
 59816.005833   7.8718e+04   1.7901e+02   6.8177e+03   1.5765e+02   7.8718e+04   1.7901e+02   5.7892e+05   1.8795e+02   2.4292e+05   1.7219e+02   7.1240e+04   1.7255e+02   2.1599e+04   1.6546e+02   2.0360e+04   1.5845e+02   1.0532e+04   1.4602e+02   3.2356e+04   1.6160e+02   2.7664e+04   1.6393e+02   
 59816.006296   7.8761e+04   1.9452e+02   7.8761e+04   1.9452e+02   7.8761e+04   1.9452e+02   5.7426e+05   2.0027e+02   2.4053e+05   1.8316e+02   7.1422e+04   1.9059e+02   2.1011e+04   1.8282e+02   2.0370e+04   1.8039e+02   1.0441e+04   1.6390e+02   3.1830e+04   1.7828e+02   2.7646e+04   1.8282e+02   
 59816.006759   7.7525e+04   2.2651e+02   7.7525e+04   2.2651e+02   7.7525e+04   2.2651e+02   5.7326e+05   2.4431e+02   2.3958e+05   2.2843e+02   7.1206e+04   2.3966e+02   2.1122e+04   2.2678e+02   2.0730e+04   2.2289e+02   1.0123e+04   1.8176e+02   3.2216e+04   2.2345e+02   2.7635e+04   2.2091e+02   
 59816.007222   7.6876e+04   2.0014e+02   7.6876e+04   2.0014e+02   7.6876e+04   2.0014e+02   5.6562e+05   2.1354e+02   2.3556e+05   1.9471e+02   7.0094e+04   2.0480e+02   2.0655e+04   1.8980e+02   1.9527e+04   1.9211e+02   1.0133e+04   1.6456e+02   3.1112e+04   1.9046e+02   2.7097e+04   1.8746e+02   
 59816.007685   7.6955e+04   1.8998e+02   5.7347e+03   1.2615e+02   7.6955e+04   1.8998e+02   5.6267e+05   2.0581e+02   2.3431e+05   1.8665e+02   6.9752e+04   1.9805e+02   2.0706e+04   1.8154e+02   2.0245e+04   1.9129e+02   1.0308e+04   1.6299e+02   3.1082e+04   1.8189e+02   2.6749e+04   1.7946e+02   
 59816.008148   7.6661e+04   2.0075e+02   7.6661e+04   2.0075e+02   7.6661e+04   2.0075e+02   5.6180e+05   2.1177e+02   2.3403e+05   1.9338e+02   6.9432e+04   2.0263e+02   2.1211e+04   1.9174e+02   2.0261e+04   1.9041e+02   1.0430e+04   1.7046e+02   3.1214e+04   1.8741e+02   2.7200e+04   1.8808e+02   
 59816.008611   7.6339e+04   1.8108e+02   6.3540e+03   1.3826e+02   7.6339e+04   1.8108e+02   5.6008e+05   1.9128e+02   2.3353e+05   1.7540e+02   6.8961e+04   1.7968e+02   2.1006e+04   1.7358e+02   1.9821e+04   1.7431e+02   1.0684e+04   1.5550e+02   3.1460e+04   1.7064e+02   2.6191e+04   1.6344e+02   
 59816.009074   7.5907e+04   1.7857e+02   6.7236e+03   1.4653e+02   7.5907e+04   1.7857e+02   5.5240e+05   1.9028e+02   2.3071e+05   1.7388e+02   6.8137e+04   1.8104e+02   2.0637e+04   1.7094e+02   1.8947e+04   1.6488e+02   9.9917e+03   1.5248e+02   3.0271e+04   1.6372e+02   2.6554e+04   1.6604e+02   
