#               Exoplanet                 Calib #01                 Calib #02                 Calib #03                 Calib #04                 Calib #05                 Calib #06                 Calib #07                 Calib #08                 Calib #09                 Calib #10
# time (MJD)    FLUX_ISO   FLUXERR_ISO    FLUX_ISO   FLUXERR_ISO    FLUX_ISO   FLUXERR_ISO    FLUX_ISO   FLUXERR_ISO    FLUX_ISO   FLUXERR_ISO    FLUX_ISO   FLUXERR_ISO    FLUX_ISO   FLUXERR_ISO    FLUX_ISO   FLUXERR_ISO    FLUX_ISO   FLUXERR_ISO    FLUX_ISO   FLUXERR_ISO    FLUX_ISO   FLUXERR_ISO    
#-----------------------------------------------------------------------------------------------------------------------------------------------------------------------------------------------------------------------------------------------------------------------------------------------------------
 59815.946042   1.1909e+05   1.5115e+02   4.1592e+04   1.2146e+02   3.5296e+03   5.5302e+01   9.4349e+05   2.1460e+02   4.0246e+05   1.8342e+02   1.1598e+05   1.5352e+02   3.1103e+04   1.1460e+02   2.9318e+04   1.0897e+02   1.4663e+04   9.4842e+01   4.9167e+04   1.1997e+02   4.0615e+04   1.1846e+02   
 59815.953171   1.2310e+05   1.4516e+02   4.4023e+04   1.2110e+02   3.9906e+03   5.8062e+01   9.7937e+05   2.1215e+02   4.2131e+05   1.8083e+02   1.1767e+05   1.4860e+02   3.4083e+04   1.1757e+02   3.0908e+04   1.1017e+02   1.5799e+04   9.3622e+01   5.2017e+04   1.2110e+02   4.2985e+04   1.1685e+02   
 59815.953634   1.2270e+05   1.5077e+02   4.3630e+04   1.2581e+02   3.5637e+03   5.6561e+01   9.8198e+05   2.1983e+02   4.2046e+05   1.8714e+02   1.1682e+05   1.5353e+02   3.3215e+04   1.1822e+02   3.0612e+04   1.1678e+02   1.5005e+04   9.5353e+01   5.1250e+04   1.2581e+02   4.1606e+04   1.1822e+02   
 59815.954097   1.1774e+05   1.5798e+02   4.2072e+04   1.2974e+02   2.9994e+03   5.3870e+01   9.6129e+05   2.4251e+02   3.8559e+05   1.8135e+02   1.1495e+05   1.6101e+02   3.3335e+04   1.2595e+02   2.8646e+04   1.1554e+02   1.4163e+04   9.8352e+01   4.9671e+04   1.3122e+02   4.0993e+04   1.2595e+02   
 59815.954560   1.2302e+05   1.4885e+02   4.4407e+04   1.2406e+02   3.7106e+03   5.5174e+01   9.8718e+05   2.1527e+02   4.2229e+05   1.8391e+02   1.1853e+05   1.5054e+02   3.3904e+04   1.1559e+02   3.1000e+04   1.1337e+02   1.5642e+04   9.6446e+01   5.2054e+04   1.2406e+02   4.2822e+04   1.1704e+02   
 59815.955023   1.2376e+05   1.4738e+02   4.4389e+04   1.2126e+02   3.6026e+03   5.4840e+01   9.8900e+05   2.1121e+02   4.2322e+05   1.7911e+02   1.1893e+05   1.4681e+02   3.4714e+04   1.1561e+02   3.1063e+04   1.1194e+02   1.5265e+04   9.3210e+01   5.1334e+04   1.2056e+02   4.3155e+04   1.1705e+02   
 59815.955475   1.2418e+05   1.4699e+02   4.4994e+04   1.2230e+02   3.9579e+03   5.7655e+01   9.8668e+05   2.0947e+02   4.2310e+05   1.8141e+02   1.1807e+05   1.4643e+02   3.4602e+04   1.1459e+02   3.0926e+04   1.1015e+02   1.6161e+04   9.7333e+01   5.2689e+04   1.2230e+02   4.3236e+04   1.1603e+02   
 59815.955938   1.2245e+05   1.4692e+02   4.4289e+04   1.2493e+02   4.0794e+03   5.9048e+01   9.8533e+05   2.1715e+02   4.2357e+05   1.8717e+02   1.1759e+05   1.4916e+02   3.4221e+04   1.1668e+02   3.0545e+04   1.1233e+02   1.5073e+04   9.2917e+01   5.1039e+04   1.2156e+02   4.2759e+04   1.1739e+02   
 59815.956400   1.2351e+05   1.4806e+02   4.3753e+04   1.2135e+02   3.6615e+03   5.6389e+01   9.8447e+05   2.1531e+02   4.1845e+05   1.8065e+02   1.1684e+05   1.4919e+02   3.4021e+04   1.1425e+02   3.0563e+04   1.0900e+02   1.5929e+04   9.5063e+01   5.1328e+04   1.2135e+02   4.2685e+04   1.1643e+02   
 59815.956863   1.2424e+05   1.4400e+02   4.5421e+04   1.2219e+02   4.7693e+03   6.3099e+01   9.8970e+05   2.0688e+02   4.1961e+05   1.7039e+02   1.1863e+05   1.4798e+02   3.4583e+04   1.1375e+02   3.0874e+04   1.0776e+02   1.5909e+04   9.2879e+01   5.1397e+04   1.1520e+02   4.3567e+04   1.1448e+02   
 59815.957326   1.2465e+05   1.4623e+02   4.5284e+04   1.2282e+02   3.6672e+03   5.3084e+01   9.8585e+05   2.0919e+02   4.2066e+05   1.7793e+02   1.1853e+05   1.4904e+02   3.4534e+04   1.1587e+02   3.1419e+04   1.1224e+02   1.6047e+04   9.5483e+01   5.2248e+04   1.1870e+02   4.2808e+04   1.1443e+02   
 59815.957789   1.2391e+05   1.4664e+02   4.4995e+04   1.2403e+02   3.8673e+03   5.7516e+01   9.9150e+05   2.1133e+02   4.1957e+05   1.7634e+02   1.1773e+05   1.4494e+02   3.3926e+04   1.1359e+02   3.1068e+04   1.1063e+02   1.5964e+04   9.5380e+01   5.1664e+04   1.2065e+02   4.2982e+04   1.1646e+02   
 59815.958252   1.2370e+05   1.4212e+02   4.4848e+04   1.2002e+02   4.1274e+03   5.7545e+01   9.8923e+05   2.0708e+02   4.1929e+05   1.7119e+02   1.1891e+05   1.4501e+02   3.4214e+04   1.1218e+02   3.1428e+04   1.1069e+02   1.6077e+04   9.3676e+01   5.2359e+04   1.1723e+02   4.3886e+04   1.1509e+02   
 59815.958715   1.2338e+05   1.4953e+02   4.4030e+04   1.2097e+02   3.9362e+03   6.0143e+01   9.8726e+05   2.1685e+02   4.1925e+05   1.8088e+02   1.1688e+05   1.5008e+02   3.3450e+04   1.1325e+02   3.0628e+04   1.1030e+02   1.5380e+04   9.5094e+01   5.1218e+04   1.1960e+02   4.2321e+04   1.1469e+02   
 59815.959178   1.2476e+05   1.4238e+02   4.5282e+04   1.1926e+02   4.4419e+03   5.9971e+01   9.8905e+05   2.0297e+02   4.1997e+05   1.7010e+02   1.1903e+05   1.4578e+02   3.4377e+04   1.1220e+02   3.1326e+04   1.0774e+02   1.6208e+04   9.3956e+01   5.2049e+04   1.1507e+02   4.4132e+04   1.1364e+02   
 59815.959641   1.2414e+05   1.4357e+02   4.4889e+04   1.1998e+02   3.9594e+03   5.7198e+01   9.8884e+05   2.0820e+02   4.1910e+05   1.7207e+02   1.1927e+05   1.4583e+02   3.4466e+04   1.1440e+02   3.0413e+04   1.0547e+02   1.5490e+04   9.2229e+01   5.1856e+04   1.1792e+02   4.4009e+04   1.1652e+02   
 59815.960104   1.2528e+05   1.4918e+02   4.4739e+04   1.2357e+02   3.7764e+03   5.5557e+01   9.9121e+05   2.1290e+02   4.1742e+05   1.7661e+02   1.1803e+05   1.4754e+02   3.4192e+04   1.1542e+02   3.1042e+04   1.1184e+02   1.5281e+04   9.3661e+01   5.1704e+04   1.1888e+02   4.4117e+04   1.1820e+02   
 59815.960567   1.2488e+05   1.4506e+02   4.5082e+04   1.2137e+02   4.2551e+03   5.9676e+01   9.9122e+05   2.0789e+02   4.2131e+05   1.7445e+02   1.1877e+05   1.4728e+02   3.4306e+04   1.1380e+02   3.0784e+04   1.0796e+02   1.5816e+04   9.3494e+01   5.1879e+04   1.1591e+02   4.4251e+04   1.1591e+02   
 59815.961030   1.2410e+05   1.4225e+02   4.4883e+04   1.1868e+02   4.4478e+03   5.9678e+01   9.9087e+05   2.0868e+02   4.1889e+05   1.7259e+02   1.1851e+05   1.4339e+02   3.4229e+04   1.1237e+02   3.0974e+04   1.0721e+02   1.5665e+04   9.0864e+01   5.2187e+04   1.1592e+02   4.3860e+04   1.1380e+02   
 59815.961493   1.2512e+05   1.4560e+02   4.5292e+04   1.2001e+02   3.8439e+03   5.5449e+01   9.9122e+05   2.0591e+02   4.2211e+05   1.7256e+02   1.1881e+05   1.4336e+02   3.4760e+04   1.1378e+02   3.1535e+04   1.0943e+02   1.5910e+04   9.3479e+01   5.2179e+04   1.1933e+02   4.4231e+04   1.1589e+02   
 59815.961956   1.2557e+05   1.4059e+02   4.6014e+04   1.1824e+02   4.6760e+03   6.2104e+01   9.9406e+05   1.9842e+02   4.2230e+05   1.6722e+02   1.1864e+05   1.3887e+02   3.5152e+04   1.1549e+02   3.2039e+04   1.0831e+02   1.6349e+04   9.3156e+01   5.2362e+04   1.1339e+02   4.4481e+04   1.1267e+02   
 59815.962419   1.2366e+05   1.4691e+02   4.4496e+04   1.2173e+02   3.8546e+03   5.6757e+01   9.9163e+05   2.1237e+02   4.2070e+05   1.7768e+02   1.1816e+05   1.4691e+02   3.4364e+04   1.1906e+02   3.0717e+04   1.0991e+02   1.5799e+04   9.5818e+01   5.1515e+04   1.1838e+02   4.3764e+04   1.1562e+02   
 59815.962882   1.2484e+05   1.4815e+02   4.5007e+04   1.2141e+02   3.6392e+03   5.3701e+01   9.9314e+05   2.1066e+02   4.2074e+05   1.7720e+02   1.1879e+05   1.4815e+02   3.4662e+04   1.1941e+02   3.0603e+04   1.0888e+02   1.5800e+04   9.4719e+01   5.1733e+04   1.1874e+02   4.4177e+04   1.1670e+02   
 59815.963345   1.2420e+05   1.4420e+02   4.5057e+04   1.2178e+02   3.9909e+03   5.6778e+01   9.9391e+05   2.1206e+02   4.2118e+05   1.7500e+02   1.1888e+05   1.4697e+02   3.2666e+04   1.1213e+02   3.0660e+04   1.0847e+02   1.6045e+04   9.5008e+01   5.1998e+04   1.1910e+02   4.3568e+04   1.1497e+02   
 59815.963808   1.2409e+05   1.4773e+02   4.4429e+04   1.2106e+02   3.7566e+03   5.5016e+01   9.9499e+05   2.1605e+02   4.2024e+05   1.8027e+02   1.1880e+05   1.4934e+02   3.2205e+04   1.1429e+02   3.0480e+04   1.1075e+02   1.5337e+04   9.4452e+01   5.1839e+04   1.2106e+02   4.3040e+04   1.1840e+02   
 59815.964271   1.2592e+05   1.4505e+02   4.5602e+04   1.1977e+02   4.8323e+03   6.1849e+01   9.9725e+05   2.0668e+02   4.2435e+05   1.7218e+02   1.1892e+05   1.4227e+02   3.3018e+04   1.1150e+02   3.1535e+04   1.0933e+02   1.6087e+04   9.2773e+01   5.2323e+04   1.1776e+02   4.4577e+04   1.1502e+02   
 59815.964722   1.2509e+05   1.4239e+02   4.5950e+04   1.1987e+02   4.0775e+03   5.5077e+01   9.9657e+05   2.0608e+02   4.2368e+05   1.7232e+02   1.1941e+05   1.4351e+02   3.3075e+04   1.0943e+02   3.1567e+04   1.0722e+02   1.5954e+04   9.1115e+01   5.2463e+04   1.1718e+02   4.4756e+04   1.1581e+02   
 59815.965185   1.2560e+05   1.4173e+02   4.5364e+04   1.2063e+02   4.0236e+03   5.4819e+01   9.9744e+05   2.0473e+02   4.2057e+05   1.7106e+02   1.1907e+05   1.4394e+02   3.3138e+04   1.1178e+02   3.1173e+04   1.0745e+02   1.6110e+04   9.4113e+01   5.2228e+04   1.1663e+02   4.4178e+04   1.1319e+02   
 59815.965648   1.2518e+05   1.4279e+02   4.5265e+04   1.2059e+02   4.1356e+03   5.7612e+01   9.9412e+05   2.0581e+02   4.2275e+05   1.7238e+02   1.1875e+05   1.4224e+02   3.3041e+04   1.0960e+02   3.0862e+04   1.0668e+02   1.5778e+04   8.9782e+01   5.2236e+04   1.1591e+02   4.4727e+04   1.1591e+02   
 59815.966111   1.2464e+05   1.4881e+02   4.4092e+04   1.1865e+02   4.0306e+03   5.7633e+01   9.9987e+05   2.1528e+02   4.2161e+05   1.7697e+02   1.1842e+05   1.4828e+02   3.2728e+04   1.1389e+02   3.0628e+04   1.0964e+02   1.6182e+04   9.5780e+01   5.1790e+04   1.1997e+02   4.3391e+04   1.1663e+02   
 59815.966574   1.2500e+05   1.4810e+02   4.4805e+04   1.2092e+02   3.6552e+03   5.4954e+01   9.9667e+05   2.1134e+02   4.2137e+05   1.7605e+02   1.1807e+05   1.4648e+02   3.2308e+04   1.0991e+02   3.0770e+04   1.0845e+02   1.5974e+04   9.5182e+01   5.1448e+04   1.1894e+02   4.4262e+04   1.1691e+02   
 59815.967037   1.2515e+05   1.4062e+02   4.5190e+04   1.1932e+02   3.8743e+03   5.4825e+01   9.9529e+05   2.0436e+02   4.2312e+05   1.7154e+02   1.1816e+05   1.4062e+02   3.2848e+04   1.0893e+02   3.1104e+04   1.0672e+02   1.6266e+04   9.0699e+01   5.2234e+04   1.1596e+02   4.3621e+04   1.1179e+02   
 59815.967500   1.2545e+05   1.4075e+02   4.4947e+04   1.1763e+02   4.1292e+03   5.7461e+01   9.9882e+05   2.0257e+02   4.2164e+05   1.6962e+02   1.1809e+05   1.4186e+02   3.3242e+04   1.0859e+02   3.1111e+04   1.0713e+02   1.6017e+04   9.1285e+01   5.2307e+04   1.1285e+02   4.4299e+04   1.1285e+02   
 59815.967963   1.2487e+05   1.5263e+02   4.4337e+04   1.2567e+02   3.2865e+03   5.3051e+01   9.9622e+05   2.2158e+02   4.1698e+05   1.8378e+02   1.1729e+05   1.5366e+02   3.1852e+04   1.1528e+02   2.9634e+04   1.0972e+02   1.5040e+04   9.4406e+01   5.0867e+04   1.2315e+02   4.2453e+04   1.1730e+02   
 59815.968414   1.2539e+05   1.5136e+02   4.4443e+04   1.2401e+02   3.6021e+03   5.6023e+01   9.9405e+05   2.1443e+02   4.2002e+05   1.8197e+02   1.1679e+05   1.4928e+02   3.1396e+04   1.1274e+02   3.0388e+04   1.1205e+02   1.4999e+04   9.4577e+01   5.1138e+04   1.2016e+02   4.2812e+04   1.1751e+02   
 59815.968877   1.2465e+05   1.5251e+02   4.3403e+04   1.2327e+02   3.2213e+03   5.2831e+01   9.9363e+05   2.2171e+02   4.1825e+05   1.8131e+02   1.1739e+05   1.5149e+02   3.1129e+04   1.1138e+02   2.9106e+04   1.0856e+02   1.4620e+04   9.0655e+01   5.0535e+04   1.2201e+02   4.2630e+04   1.1879e+02   
 59815.969340   1.2464e+05   1.5682e+02   4.3825e+04   1.2844e+02   3.3357e+03   5.4380e+01   9.9313e+05   2.2663e+02   4.1717e+05   1.8755e+02   1.1616e+05   1.5532e+02   3.1533e+04   1.1835e+02   2.8756e+04   1.1089e+02   1.4442e+04   9.4189e+01   4.9851e+04   1.2600e+02   4.1627e+04   1.1966e+02   
 59815.969803   1.2478e+05   1.5527e+02   4.3601e+04   1.2432e+02   3.0954e+03   5.4188e+01   9.8987e+05   2.2549e+02   4.1829e+05   1.8854e+02   1.1545e+05   1.5477e+02   3.1250e+04   1.1595e+02   2.8824e+04   1.1049e+02   1.4553e+04   9.3030e+01   5.0277e+04   1.2494e+02   4.1928e+04   1.1989e+02   
 59815.970729   1.2387e+05   1.5509e+02   4.4007e+04   1.2826e+02   3.3220e+03   5.2853e+01   9.8451e+05   2.2354e+02   4.1304e+05   1.8603e+02   1.1479e+05   1.5409e+02   3.0597e+04   1.1349e+02   2.9373e+04   1.1212e+02   1.4593e+04   9.4873e+01   4.9987e+04   1.2457e+02   4.1062e+04   1.1884e+02   
 59815.971192   1.2482e+05   1.5759e+02   4.3281e+04   1.2605e+02   2.8679e+03   4.9678e+01   9.7891e+05   2.2595e+02   4.1328e+05   1.8998e+02   1.1435e+05   1.5512e+02   3.0856e+04   1.1717e+02   2.8437e+04   1.1039e+02   1.3059e+04   8.9559e+01   4.9486e+04   1.2482e+02   4.1423e+04   1.2295e+02   
 59815.971655   1.2395e+05   1.5502e+02   4.3544e+04   1.2556e+02   2.9445e+03   5.1012e+01   9.8121e+05   2.2063e+02   4.1053e+05   1.8267e+02   1.1406e+05   1.5203e+02   3.0501e+04   1.1272e+02   2.8761e+04   1.0997e+02   1.3963e+04   9.2585e+01   4.9828e+04   1.2185e+02   4.1229e+04   1.1737e+02   
 59815.972118   1.2204e+05   1.6049e+02   4.2098e+04   1.2868e+02   2.0240e+03   4.1066e+01   9.7115e+05   2.3526e+02   4.0829e+05   1.9578e+02   1.1090e+05   1.5662e+02   2.9024e+04   1.1549e+02   2.7393e+04   1.1416e+02   1.2742e+04   9.1827e+01   4.7658e+04   1.2627e+02   3.9602e+04   1.2258e+02   
 59815.972581   1.2431e+05   1.7139e+02   4.0921e+04   1.3322e+02   4.0921e+04   1.3322e+02   9.6830e+05   2.4427e+02   4.0419e+05   2.0362e+02   1.1000e+05   1.6222e+02   2.7955e+04   1.1864e+02   2.5505e+04   1.1269e+02   1.1464e+04   8.9195e+01   4.6676e+04   1.3090e+02   3.7986e+04   1.2369e+02   
 59815.973032   1.2015e+05   1.5641e+02   4.2186e+04   1.2771e+02   4.2186e+04   1.2771e+02   9.6009e+05   2.2839e+02   4.0275e+05   1.9136e+02   1.0991e+05   1.5343e+02   2.9634e+04   1.1702e+02   2.7342e+04   1.1095e+02   1.2857e+04   9.0304e+01   4.7253e+04   1.2217e+02   3.9546e+04   1.1962e+02   
 59815.973495   1.1891e+05   1.5694e+02   4.1417e+04   1.2734e+02   4.1417e+04   1.2734e+02   9.6031e+05   2.3500e+02   3.9907e+05   1.9359e+02   1.0955e+05   1.5742e+02   2.8379e+04   1.1403e+02   2.7333e+04   1.1336e+02   1.2536e+04   9.1725e+01   4.6719e+04   1.2491e+02   3.8934e+04   1.2181e+02   
 59815.973958   1.2334e+05   1.6359e+02   4.1372e+04   1.2815e+02   4.1372e+04   1.2815e+02   9.5441e+05   2.3299e+02   3.9979e+05   1.9380e+02   1.0830e+05   1.5598e+02   2.8397e+04   1.1435e+02   2.6907e+04   1.1234e+02   1.2325e+04   8.9771e+01   4.6661e+04   1.2575e+02   3.8605e+04   1.2145e+02   
 59815.974421   1.2259e+05   1.6333e+02   4.1848e+04   1.2971e+02   4.1848e+04   1.2971e+02   9.5205e+05   2.3553e+02   3.9713e+05   1.9698e+02   1.0739e+05   1.5670e+02   2.8055e+04   1.1483e+02   2.5763e+04   1.0873e+02   1.1760e+04   8.8778e+01   4.5381e+04   1.2434e+02   3.7182e+04   1.1744e+02   
 59815.974884   1.1819e+05   1.5619e+02   4.0996e+04   1.2733e+02   4.0996e+04   1.2733e+02   9.4641e+05   2.3095e+02   3.9544e+05   1.9386e+02   1.0769e+05   1.5375e+02   2.8214e+04   1.1282e+02   2.6416e+04   1.1010e+02   1.2220e+04   8.7910e+01   4.6084e+04   1.2493e+02   3.7958e+04   1.1807e+02   
 59815.975347   1.1817e+05   1.5727e+02   4.1260e+04   1.2920e+02   4.1260e+04   1.2920e+02   9.3199e+05   2.2947e+02   3.9185e+05   1.9163e+02   1.0645e+05   1.5484e+02   2.7899e+04   1.1556e+02   2.6158e+04   1.1223e+02   1.2176e+04   9.1358e+01   4.5544e+04   1.2563e+02   3.7406e+04   1.2007e+02   
 59815.975810   1.1650e+05   1.5586e+02   4.0501e+04   1.2587e+02   4.0501e+04   1.2587e+02   9.2896e+05   2.3013e+02   3.8847e+05   1.9029e+02   1.0544e+05   1.5440e+02   2.7796e+04   1.1391e+02   2.6542e+04   1.1191e+02   1.1895e+04   8.8576e+01   4.6003e+04   1.2646e+02   3.7803e+04   1.2098e+02   
 59815.976273   1.1669e+05   1.5214e+02   4.0418e+04   1.2321e+02   4.0418e+04   1.2321e+02   9.2921e+05   2.2304e+02   3.8887e+05   1.8753e+02   1.0559e+05   1.5214e+02   2.7973e+04   1.1034e+02   2.6670e+04   1.0896e+02   1.2208e+04   8.8405e+01   4.6308e+04   1.2442e+02   3.7505e+04   1.1630e+02   
 59815.976736   1.1501e+05   1.5848e+02   3.9033e+04   1.2626e+02   3.9033e+04   1.2626e+02   9.2485e+05   2.3716e+02   3.8443e+05   1.9390e+02   1.0388e+05   1.5657e+02   2.7888e+04   1.1698e+02   2.5292e+04   1.0969e+02   1.0858e+04   8.4962e+01   4.3751e+04   1.2506e+02   3.6481e+04   1.2015e+02   
 59815.977199   1.1423e+05   1.6311e+02   3.8449e+04   1.2939e+02   3.8449e+04   1.2939e+02   9.2170e+05   2.4237e+02   3.8242e+05   2.0126e+02   1.0310e+05   1.5941e+02   2.6373e+04   1.1663e+02   2.4646e+04   1.1205e+02   1.0532e+04   8.5581e+01   4.3589e+04   1.2764e+02   3.5529e+04   1.2226e+02   
 59815.977662   1.1310e+05   1.5670e+02   3.8989e+04   1.2657e+02   3.8989e+04   1.2657e+02   9.1340e+05   2.3537e+02   3.7768e+05   1.9270e+02   1.0269e+05   1.5478e+02   2.7899e+04   1.1673e+02   2.4583e+04   1.0807e+02   1.1246e+04   8.6523e+01   4.4032e+04   1.2479e+02   3.5239e+04   1.1673e+02   
 59815.978113   1.1267e+05   1.5676e+02   3.7656e+04   1.2081e+02   3.7656e+04   1.2081e+02   9.0507e+05   2.3443e+02   3.7497e+05   1.9335e+02   1.0120e+05   1.5145e+02   2.6706e+04   1.1251e+02   2.4628e+04   1.0778e+02   1.1007e+04   8.5427e+01   4.3365e+04   1.2265e+02   3.5061e+04   1.1578e+02   
 59815.978576   1.1154e+05   1.5471e+02   3.8520e+04   1.2413e+02   3.8520e+04   1.2413e+02   8.9705e+05   2.3174e+02   3.7210e+05   1.9222e+02   1.0026e+05   1.5128e+02   2.5906e+04   1.1008e+02   2.4682e+04   1.0802e+02   1.0761e+04   8.2952e+01   4.3193e+04   1.2231e+02   3.5260e+04   1.1473e+02   
 59815.979039   1.1193e+05   1.5482e+02   3.8601e+04   1.2383e+02   3.8601e+04   1.2383e+02   8.9235e+05   2.2762e+02   3.7137e+05   1.9060e+02   1.0009e+05   1.5142e+02   2.6879e+04   1.1250e+02   2.4252e+04   1.0567e+02   1.1093e+04   8.5413e+01   4.2992e+04   1.2079e+02   3.5618e+04   1.1640e+02   
 59815.979502   1.1226e+05   1.4693e+02   3.9748e+04   1.2160e+02   3.9748e+04   1.2160e+02   8.8790e+05   2.1650e+02   3.7034e+05   1.8077e+02   1.0097e+05   1.4336e+02   2.7686e+04   1.1078e+02   2.5334e+04   1.0390e+02   1.1972e+04   8.4247e+01   4.3509e+04   1.1600e+02   3.6357e+04   1.1277e+02   
 59815.979965   1.1202e+05   1.4486e+02   3.9158e+04   1.1723e+02   3.9158e+04   1.1723e+02   8.8374e+05   2.1265e+02   3.6837e+05   1.7700e+02   1.0043e+05   1.4072e+02   2.7622e+04   1.0736e+02   2.5346e+04   1.0243e+02   1.1706e+04   8.2449e+01   4.3948e+04   1.1533e+02   3.6026e+04   1.0941e+02   
 59815.980428   1.0902e+05   1.6110e+02   3.6383e+04   1.2561e+02   3.6383e+04   1.2561e+02   8.7290e+05   2.3796e+02   3.6147e+05   1.9843e+02   9.7464e+04   1.5456e+02   2.5204e+04   1.1327e+02   2.2745e+04   1.0793e+02   9.5647e+03   8.1461e+01   4.1413e+04   1.2561e+02   3.3856e+04   1.1960e+02   
 59815.980891   1.0548e+05   1.6577e+02   3.4401e+04   1.2714e+02   3.4401e+04   1.2714e+02   8.6739e+05   2.5254e+02   3.5769e+05   2.0996e+02   9.5700e+04   1.6488e+02   2.3683e+04   1.1436e+02   2.0857e+04   1.0637e+02   8.2941e+03   7.8561e+01   3.8773e+04   1.2714e+02   3.1674e+04   1.2061e+02   
 59815.981354   1.0687e+05   1.5383e+02   3.6407e+04   1.2184e+02   3.6407e+04   1.2184e+02   8.6340e+05   2.3161e+02   3.5665e+05   1.9168e+02   9.6442e+04   1.5044e+02   2.4922e+04   1.0843e+02   2.3093e+04   1.0429e+02   1.0108e+04   8.1324e+01   4.0747e+04   1.2123e+02   3.3579e+04   1.1501e+02   
 59815.981817   1.0687e+05   1.4974e+02   3.6777e+04   1.1922e+02   3.6777e+04   1.1922e+02   8.5839e+05   2.2744e+02   3.5674e+05   1.9140e+02   9.6575e+04   1.4875e+02   2.4876e+04   1.0553e+02   2.2828e+04   1.0272e+02   1.0221e+04   8.0298e+01   4.1054e+04   1.1861e+02   3.3407e+04   1.1291e+02   
 59815.982269   1.0351e+05   1.6161e+02   3.3924e+04   1.2378e+02   3.3924e+04   1.2378e+02   8.4823e+05   2.5019e+02   3.4940e+05   2.0676e+02   9.2676e+04   1.5749e+02   2.3421e+04   1.1202e+02   2.0436e+04   1.0391e+02   8.4860e+03   7.9209e+01   3.8509e+04   1.2611e+02   3.1077e+04   1.1711e+02   
 59815.982731   1.0142e+05   1.6297e+02   3.3043e+04   1.2438e+02   3.3043e+04   1.2438e+02   8.4292e+05   2.5768e+02   3.4506e+05   2.1201e+02   9.1004e+04   1.5935e+02   2.2179e+04   1.1072e+02   1.9733e+04   1.0392e+02   8.0012e+03   7.7352e+01   3.7070e+04   1.2554e+02   3.0491e+04   1.1898e+02   
 59815.983194   1.0359e+05   1.5122e+02   3.4318e+04   1.1825e+02   3.4318e+04   1.1825e+02   8.3875e+05   2.3152e+02   3.4676e+05   1.9197e+02   9.4399e+04   1.5026e+02   2.4543e+04   1.0862e+02   2.1891e+04   1.0312e+02   9.4566e+03   7.9142e+01   3.9245e+04   1.1763e+02   3.2604e+04   1.1257e+02   
 59815.983657   1.0396e+05   1.5339e+02   3.4907e+04   1.2134e+02   3.4907e+04   1.2134e+02   8.3356e+05   2.2700e+02   3.4343e+05   1.8920e+02   9.4238e+04   1.4909e+02   2.4365e+04   1.0945e+02   2.1780e+04   1.0265e+02   9.8252e+03   8.1484e+01   3.9258e+04   1.1833e+02   3.2074e+04   1.1334e+02   
 59815.984120   9.9066e+04   1.6299e+02   3.1525e+04   1.2202e+02   3.1525e+04   1.2202e+02   8.2215e+05   2.5686e+02   3.3763e+05   2.1443e+02   8.8457e+04   1.5799e+02   2.1170e+04   1.0806e+02   1.8889e+04   1.0252e+02   7.2596e+03   7.4476e+01   3.5989e+04   1.2321e+02   2.8644e+04   1.1588e+02   
 59815.984583   9.7857e+04   1.6360e+02   3.0615e+04   1.2266e+02   3.0615e+04   1.2266e+02   8.1602e+05   2.5657e+02   3.3347e+05   2.1246e+02   8.8061e+04   1.6048e+02   2.1182e+04   1.1155e+02   1.8488e+04   1.0417e+02   7.4861e+03   7.7018e+01   3.5426e+04   1.2442e+02   2.8677e+04   1.1785e+02   
 59815.985046   9.4347e+04   1.7171e+02   2.8314e+04   1.2405e+02   2.8314e+04   1.2405e+02   8.0440e+05   2.7765e+02   3.2778e+05   2.3006e+02   8.3777e+04   1.6747e+02   1.7667e+04   1.0592e+02   1.6140e+04   1.0176e+02   5.1589e+03   6.5687e+01   3.2339e+04   1.2521e+02   2.5755e+04   1.1750e+02   
 59815.985509   9.1877e+04   1.7129e+02   2.7397e+04   1.2200e+02   2.7397e+04   1.2200e+02   7.9556e+05   2.8234e+02   3.2194e+05   2.3105e+02   8.2055e+04   1.6748e+02   1.7194e+04   1.0633e+02   1.5503e+04   1.0009e+02   5.0021e+03   6.5525e+01   3.1713e+04   1.2661e+02   2.4290e+04   1.1537e+02   
 59815.985972   9.8508e+04   1.5946e+02   3.1906e+04   1.2282e+02   3.1906e+04   1.2282e+02   7.9774e+05   2.4032e+02   3.2713e+05   1.9731e+02   8.7587e+04   1.5208e+02   2.2076e+04   1.1050e+02   1.8666e+04   9.8839e+01   7.7322e+03   7.5806e+01   3.6074e+04   1.2105e+02   2.9541e+04   1.1621e+02   
 59815.986435   9.2945e+04   1.6702e+02   2.7723e+04   1.2077e+02   2.7723e+04   1.2077e+02   7.8619e+05   2.6715e+02   3.1944e+05   2.1974e+02   8.2679e+04   1.6229e+02   1.7969e+04   1.0510e+02   1.6404e+04   1.0027e+02   5.7116e+03   6.8358e+01   3.2323e+04   1.2309e+02   2.5986e+04   1.1720e+02   
 59815.986898   9.1065e+04   1.6852e+02   2.7227e+04   1.2238e+02   2.7227e+04   1.2238e+02   7.7726e+05   2.7467e+02   3.1536e+05   2.2332e+02   8.1125e+04   1.6427e+02   1.7181e+04   1.0565e+02   1.5518e+04   1.0086e+02   4.8046e+03   6.5104e+01   3.1949e+04   1.2691e+02   2.4683e+04   1.1646e+02   
 59815.987350   9.4671e+04   1.5503e+02   3.1133e+04   1.1961e+02   3.1133e+04   1.1961e+02   7.7757e+05   2.3682e+02   3.1812e+05   1.9544e+02   8.5617e+04   1.4843e+02   2.0222e+04   1.0289e+02   1.9447e+04   1.0079e+02   8.0037e+03   7.4696e+01   3.5272e+04   1.1780e+02   2.8508e+04   1.1027e+02   
 59815.987812   9.2996e+04   1.6118e+02   2.9179e+04   1.1948e+02   2.9179e+04   1.1948e+02   7.6584e+05   2.5260e+02   3.1265e+05   2.0797e+02   8.2997e+04   1.5532e+02   1.8615e+04   1.0278e+02   1.7373e+04   9.9962e+01   6.2654e+03   6.9667e+01   3.3159e+04   1.2007e+02   2.6463e+04   1.1271e+02   
 59815.988275   8.9217e+04   1.6524e+02   2.7331e+04   1.1982e+02   2.7331e+04   1.1982e+02   7.6171e+05   2.6395e+02   3.0832e+05   2.1552e+02   7.9720e+04   1.5784e+02   1.6651e+04   9.8549e+01   1.5484e+04   9.5650e+01   5.5452e+03   6.4981e+01   3.1462e+04   1.2099e+02   2.4855e+04   1.1255e+02   
 59815.988738   9.1777e+04   1.5829e+02   2.8649e+04   1.1625e+02   2.8649e+04   1.1625e+02   7.5265e+05   2.4546e+02   3.0790e+05   2.0205e+02   8.1572e+04   1.4961e+02   1.8700e+04   1.0067e+02   1.8011e+04   9.9266e+01   7.1683e+03   7.3138e+01   3.2596e+04   1.1685e+02   2.6396e+04   1.1003e+02   
 59815.989201   8.9387e+04   1.5545e+02   2.8458e+04   1.1674e+02   2.8458e+04   1.1674e+02   7.4716e+05   2.4607e+02   3.0389e+05   2.0324e+02   8.1685e+04   1.5225e+02   1.8556e+04   1.0058e+02   1.6996e+04   9.6294e+01   7.0441e+03   7.3066e+01   3.2048e+04   1.1553e+02   2.5702e+04   1.0928e+02   
 59815.989664   8.5579e+04   1.6790e+02   2.4614e+04   1.1606e+02   2.4614e+04   1.1606e+02   7.3703e+05   2.7282e+02   2.9727e+05   2.2390e+02   7.6083e+04   1.6243e+02   1.5157e+04   9.9991e+01   1.4229e+04   9.7173e+01   4.0940e+03   6.0087e+01   2.8149e+04   1.1901e+02   2.2591e+04   1.1241e+02   
 59815.990127   8.5937e+04   1.6510e+02   2.5529e+04   1.1793e+02   2.5529e+04   1.1793e+02   7.3409e+05   2.6422e+02   2.9695e+05   2.1872e+02   7.7393e+04   1.6083e+02   1.5989e+04   1.0213e+02   1.4299e+04   9.7244e+01   4.1781e+03   6.0130e+01   2.9488e+04   1.2255e+02   2.3628e+04   1.1433e+02   
 59815.990590   8.4858e+04   1.5630e+02   2.5864e+04   1.1268e+02   2.5864e+04   1.1268e+02   7.2341e+05   2.5685e+02   2.9272e+05   2.1048e+02   7.6600e+04   1.5317e+02   1.6016e+04   9.5440e+01   1.5164e+04   9.3246e+01   5.7519e+03   6.5409e+01   2.9402e+04   1.1450e+02   2.3191e+04   1.0508e+02   
 59815.991053   8.8087e+04   1.5299e+02   2.8401e+04   1.1316e+02   2.8401e+04   1.1316e+02   7.2258e+05   2.3961e+02   2.9362e+05   1.9669e+02   7.7713e+04   1.4466e+02   1.8082e+04   9.8171e+01   1.6623e+04   9.4600e+01   6.4889e+03   6.8418e+01   3.0971e+04   1.1193e+02   2.5552e+04   1.0754e+02   
 59815.991516   8.7796e+04   1.4693e+02   2.8794e+04   1.1211e+02   2.8794e+04   1.1211e+02   7.1519e+05   2.2484e+02   2.9304e+05   1.8555e+02   7.9306e+04   1.4220e+02   1.8865e+04   9.7094e+01   1.7541e+04   9.3510e+01   7.2795e+03   7.1100e+01   3.1617e+04   1.1027e+02   2.6497e+04   1.0520e+02   
 59815.991979   8.5215e+04   1.5399e+02   2.4962e+04   1.0730e+02   2.4962e+04   1.0730e+02   7.0612e+05   2.4781e+02   2.8753e+05   2.0346e+02   7.6013e+04   1.5175e+02   1.6619e+04   9.6544e+01   1.4589e+04   9.0687e+01   5.8450e+03   6.7256e+01   2.9208e+04   1.1230e+02   2.3925e+04   1.0794e+02   
 59815.992431   8.7224e+04   1.4825e+02   2.5949e+04   1.0418e+02   2.5949e+04   1.0418e+02   7.0225e+05   2.2435e+02   2.8742e+05   1.8454e+02   7.8387e+04   1.4170e+02   1.8282e+04   9.5342e+01   1.7060e+04   9.3908e+01   7.0732e+03   7.0851e+01   3.1295e+04   1.0864e+02   2.5452e+04   1.0418e+02   
 59815.992894   8.4756e+04   1.4753e+02   2.3904e+04   1.0168e+02   2.3904e+04   1.0168e+02   6.9622e+05   2.3034e+02   2.8325e+05   1.8915e+02   7.7152e+04   1.4380e+02   1.7510e+04   9.5470e+01   1.6448e+04   9.3308e+01   6.7040e+03   6.9002e+01   2.9833e+04   1.0753e+02   2.4364e+04   1.0301e+02   
 59815.993356   8.1103e+04   1.5623e+02   1.7853e+04   9.4144e+01   1.7853e+04   9.4144e+01   6.8807e+05   2.5369e+02   2.7732e+05   2.0593e+02   7.3238e+04   1.5447e+02   1.4744e+04   9.5582e+01   1.3447e+04   9.1946e+01   4.7266e+03   6.1790e+01   2.7728e+04   1.1619e+02   2.2422e+04   1.0892e+02   
 59815.993819   8.2278e+04   1.5266e+02   1.7915e+04   9.1180e+01   1.7915e+04   9.1180e+01   6.8230e+05   2.4377e+02   2.7638e+05   1.9639e+02   7.3955e+04   1.4859e+02   1.6182e+04   9.6270e+01   1.4979e+04   9.3395e+01   5.5204e+03   6.7064e+01   2.8710e+04   1.1319e+02   2.2906e+04   1.0572e+02   
 59815.994282   8.4216e+04   1.3918e+02   2.1941e+04   9.1641e+01   2.1941e+04   9.1641e+01   6.8132e+05   2.1460e+02   2.8014e+05   1.7727e+02   7.5687e+04   1.3270e+02   1.8769e+04   9.5265e+01   1.7067e+04   9.0151e+01   7.4473e+03   6.9830e+01   3.1129e+04   1.0539e+02   2.5517e+04   1.0012e+02   
 59815.994745   8.2845e+04   1.4730e+02   1.8846e+04   8.9172e+01   1.8846e+04   8.9172e+01   6.7791e+05   2.2660e+02   2.7776e+05   1.8683e+02   7.4798e+04   1.4171e+02   1.7701e+04   9.7821e+01   1.5952e+04   9.2874e+01   6.1252e+03   6.6690e+01   2.9944e+04   1.1135e+02   2.4472e+04   1.0640e+02   
 59815.995208   8.1931e+04   1.4284e+02   1.8306e+04   8.6703e+01   1.8306e+04   8.6703e+01   6.6993e+05   2.2135e+02   2.7418e+05   1.7912e+02   7.4344e+04   1.3660e+02   1.7497e+04   9.4837e+01   1.6187e+04   9.0491e+01   7.1080e+03   7.1422e+01   2.9540e+04   1.0682e+02   2.4624e+04   1.0167e+02   
 59815.995671   8.0439e+04   1.4336e+02   1.6752e+04   8.1129e+01   1.6752e+04   8.1129e+01   6.6337e+05   2.2888e+02   2.7062e+05   1.8288e+02   7.2717e+04   1.3811e+02   1.6627e+04   9.1992e+01   1.5952e+04   9.0520e+01   6.3860e+03   6.5562e+01   2.8777e+04   1.0495e+02   2.3418e+04   9.9700e+01   
 59815.996134   7.7549e+04   1.5180e+02   1.3063e+04   7.5682e+01   1.3063e+04   7.5682e+01   6.5334e+05   2.4374e+02   2.6403e+05   1.9586e+02   6.9724e+04   1.4553e+02   1.4998e+04   9.3050e+01   1.3670e+04   8.8652e+01   4.9751e+03   6.2153e+01   2.6980e+04   1.1070e+02   2.1467e+04   1.0258e+02   
 59815.996597   7.8749e+04   1.4805e+02   1.1695e+04   7.0108e+01   1.1695e+04   7.0108e+01   6.5322e+05   2.3195e+02   2.6523e+05   1.8798e+02   7.1285e+04   1.4163e+02   1.6203e+04   9.3636e+01   1.4941e+04   9.0754e+01   6.2023e+03   6.8187e+01   2.7684e+04   1.0812e+02   2.2849e+04   1.0244e+02   
 59815.997060   8.0281e+04   1.4113e+02   1.1864e+04   6.6420e+01   1.1864e+04   6.6420e+01   6.4973e+05   2.1257e+02   2.6668e+05   1.7611e+02   7.3284e+04   1.3384e+02   1.7508e+04   9.3217e+01   1.5805e+04   8.8055e+01   7.1423e+03   6.9373e+01   2.9831e+04   1.0722e+02   2.4119e+04   1.0146e+02   
 59815.997523   7.4406e+04   1.5124e+02   5.1957e+03   5.3779e+01   5.1957e+03   5.3779e+01   6.4162e+05   2.4778e+02   2.5792e+05   2.0057e+02   6.6834e+04   1.4773e+02   1.3212e+04   9.1726e+01   1.2072e+04   8.5802e+01   3.6939e+03   5.4988e+01   2.4856e+04   1.1057e+02   1.9660e+04   1.0191e+02   
 59815.997986   7.5488e+04   1.4644e+02   4.0954e+03   4.8814e+01   4.0954e+03   4.8814e+01   6.3705e+05   2.3997e+02   2.5778e+05   1.9390e+02   6.7994e+04   1.4044e+02   1.4941e+04   9.1323e+01   1.4660e+04   9.2045e+01   4.9338e+03   6.0882e+01   2.6040e+04   1.0482e+02   2.1203e+04   1.0096e+02   
 59815.998912   7.8246e+04   1.3519e+02   4.2019e+03   4.7280e+01   4.2019e+03   4.7280e+01   6.3109e+05   2.0894e+02   2.5833e+05   1.6814e+02   7.1036e+04   1.3175e+02   1.7130e+04   8.9560e+01   1.6717e+04   8.9560e+01   6.8213e+03   6.5873e+01   2.8499e+04   1.0062e+02   2.3587e+04   9.6623e+01   
 59815.999375   7.8907e+04   1.3709e+02   3.2875e+03   4.1189e+01   3.2875e+03   4.1189e+01   6.2711e+05   2.0179e+02   2.6004e+05   1.6673e+02   7.1484e+04   1.2874e+02   1.7826e+04   9.3509e+01   1.7430e+04   9.1391e+01   7.1613e+03   6.7585e+01   2.9156e+04   1.0218e+02   2.4132e+04   9.8272e+01   
 59815.999838   7.7944e+04   1.3437e+02   2.0802e+03   4.1093e+01   7.7944e+04   1.3437e+02   6.2382e+05   2.0228e+02   2.5688e+05   1.6358e+02   7.0391e+04   1.2793e+02   1.7569e+04   9.1887e+01   1.6811e+04   8.9015e+01   7.1161e+03   6.8383e+01   2.8303e+04   1.0130e+02   2.4217e+04   9.9359e+01   
 59816.000301   7.6329e+04   1.3511e+02   1.5777e+03   3.6109e+01   7.6329e+04   1.3511e+02   6.2005e+05   2.0680e+02   2.5570e+05   1.6937e+02   6.9640e+04   1.3069e+02   1.7205e+04   9.4161e+01   1.6616e+04   8.9911e+01   6.2952e+03   6.6582e+01   2.8594e+04   1.0465e+02   2.3284e+04   9.8889e+01   
 59816.000764   7.3450e+04   1.4656e+02   7.3450e+04   1.4656e+02   7.3450e+04   1.4656e+02   6.1315e+05   2.3089e+02   2.4984e+05   1.9001e+02   6.6579e+04   1.4344e+02   1.4486e+04   9.3111e+01   1.3903e+04   9.1003e+01   4.3072e+03   6.0193e+01   2.5233e+04   1.0792e+02   2.0677e+04   1.0301e+02   
 59816.001227   7.5577e+04   1.3611e+02   1.9839e+03   4.1038e+01   7.5577e+04   1.3611e+02   6.1255e+05   2.0770e+02   2.5075e+05   1.6882e+02   6.8477e+04   1.3126e+02   1.6723e+04   9.0342e+01   1.5653e+04   8.6683e+01   6.1956e+03   6.4386e+01   2.7167e+04   1.0180e+02   2.2239e+04   9.6580e+01   
 59816.001678   6.7647e+04   1.5405e+02   6.7647e+04   1.5405e+02   6.7647e+04   1.5405e+02   6.0196e+05   2.5901e+02   2.4082e+05   2.0761e+02   6.1189e+04   1.4983e+02   1.1300e+04   8.9180e+01   1.0450e+04   8.4755e+01   2.2374e+03   4.5303e+01   2.1032e+04   1.0804e+02   1.6431e+04   9.8736e+01   
 59816.002141   7.3073e+04   1.4569e+02   7.3073e+04   1.4569e+02   7.3073e+04   1.4569e+02   6.0111e+05   2.2672e+02   2.4556e+05   1.8512e+02   6.4690e+04   1.3895e+02   1.4406e+04   9.1166e+01   1.3547e+04   8.5372e+01   4.6435e+03   5.9835e+01   2.5170e+04   1.0668e+02   2.0033e+04   9.9225e+01   
 59816.002604   7.3037e+04   1.4584e+02   7.3037e+04   1.4584e+02   7.3037e+04   1.4584e+02   5.9855e+05   2.2170e+02   2.4523e+05   1.8186e+02   6.5112e+04   1.3901e+02   1.4792e+04   9.3216e+01   1.4472e+04   9.1106e+01   4.3254e+03   5.6941e+01   2.5218e+04   1.0683e+02   2.0417e+04   1.0122e+02   
 59816.003067   6.8559e+04   1.5374e+02   6.8559e+04   1.5374e+02   6.8559e+04   1.5374e+02   5.9082e+05   2.4749e+02   2.4004e+05   2.0354e+02   6.1522e+04   1.4955e+02   1.1757e+04   9.0183e+01   1.0955e+04   8.5851e+01   2.2477e+03   4.6479e+01   2.2792e+04   1.1273e+02   1.7102e+04   1.0208e+02   
 59816.003530   7.2666e+04   1.4071e+02   7.2666e+04   1.4071e+02   7.2666e+04   1.4071e+02   5.9453e+05   2.1904e+02   2.4170e+05   1.7884e+02   6.4584e+04   1.3519e+02   1.5475e+04   9.3583e+01   1.3700e+04   8.5057e+01   5.2080e+03   6.2727e+01   2.5501e+04   1.0688e+02   2.0600e+04   9.8859e+01   
 59816.003993   7.1504e+04   1.3808e+02   7.1504e+04   1.3808e+02   7.1504e+04   1.3808e+02   5.8967e+05   2.1803e+02   2.4159e+05   1.7897e+02   6.4227e+04   1.3529e+02   1.4745e+04   9.0192e+01   1.4030e+04   8.6597e+01   4.6223e+03   5.8581e+01   2.4688e+04   1.0271e+02   2.0252e+04   9.6982e+01   
 59816.004456   6.9113e+04   1.4781e+02   6.9113e+04   1.4781e+02   6.9113e+04   1.4781e+02   5.8405e+05   2.3717e+02   2.3490e+05   1.9246e+02   6.1052e+04   1.4262e+02   1.2530e+04   8.9641e+01   1.2126e+04   8.7515e+01   2.7236e+03   4.8842e+01   2.2563e+04   1.0806e+02   1.8095e+04   1.0085e+02   
 59816.004919   6.6872e+04   1.5450e+02   6.6872e+04   1.5450e+02   6.6872e+04   1.5450e+02   5.7836e+05   2.4570e+02   2.3249e+05   2.0040e+02   6.0663e+04   1.4994e+02   1.1203e+04   8.7050e+01   1.0723e+04   8.4098e+01   2.3746e+03   4.6336e+01   2.1574e+04   1.0838e+02   1.6264e+04   9.9252e+01   
 59816.005370   6.9720e+04   1.4190e+02   6.9720e+04   1.4190e+02   6.9720e+04   1.4190e+02   5.7742e+05   2.2506e+02   2.3473e+05   1.8353e+02   6.1431e+04   1.3597e+02   1.3700e+04   8.9320e+01   1.2543e+04   8.4211e+01   4.3277e+03   5.9546e+01   2.4017e+04   1.0556e+02   1.9560e+04   1.0002e+02   
 59816.005833   7.2876e+04   1.2558e+02   2.4423e+03   4.4929e+01   7.2876e+04   1.2558e+02   5.7917e+05   1.8795e+02   2.3886e+05   1.5153e+02   6.5294e+04   1.1887e+02   1.6841e+04   8.6277e+01   1.6134e+04   8.3301e+01   6.9247e+03   6.4525e+01   2.7234e+04   9.5969e+01   2.3199e+04   9.1940e+01   
 59816.006296   7.1985e+04   1.3097e+02   7.1985e+04   1.3097e+02   7.1985e+04   1.3097e+02   5.7338e+05   1.9581e+02   2.3587e+05   1.5962e+02   6.4445e+04   1.2556e+02   1.5768e+04   8.9139e+01   1.5002e+04   8.4041e+01   6.5114e+03   6.7383e+01   2.6687e+04   1.0107e+02   2.2030e+04   9.5294e+01   
 59816.006759   6.7959e+04   1.4238e+02   6.7959e+04   1.4238e+02   6.7959e+04   1.4238e+02   5.6824e+05   2.2706e+02   2.2965e+05   1.8381e+02   6.0437e+04   1.3882e+02   1.2648e+04   8.9491e+01   1.3016e+04   9.0188e+01   3.1241e+03   5.2469e+01   2.2899e+04   1.0434e+02   1.9070e+04   1.0068e+02   
 59816.007222   6.9331e+04   1.3279e+02   6.9331e+04   1.3279e+02   6.9331e+04   1.3279e+02   5.6452e+05   2.0755e+02   2.3009e+05   1.6909e+02   6.1940e+04   1.2992e+02   1.4373e+04   8.6934e+01   1.3867e+04   8.6207e+01   5.1840e+03   6.0439e+01   2.4444e+04   9.9120e+01   2.0716e+04   9.4568e+01   
 59816.007685   6.9795e+04   1.2764e+02   1.5886e+03   3.5400e+01   6.9795e+04   1.2764e+02   5.6233e+05   2.0212e+02   2.2982e+05   1.6414e+02   6.2525e+04   1.2813e+02   1.4779e+04   8.5986e+01   1.4657e+04   8.6712e+01   5.4711e+03   6.0284e+01   2.4282e+04   9.6298e+01   2.0858e+04   9.4988e+01   
 59816.008148   6.9322e+04   1.3394e+02   6.9322e+04   1.3394e+02   6.9322e+04   1.3394e+02   5.5996e+05   2.0418e+02   2.2835e+05   1.6709e+02   6.1355e+04   1.2815e+02   1.4872e+04   8.8502e+01   1.4819e+04   8.8502e+01   5.1744e+03   6.0528e+01   2.4415e+04   9.7987e+01   2.0682e+04   9.6033e+01   
 59816.008611   7.0486e+04   1.2530e+02   1.9374e+03   3.8978e+01   7.0486e+04   1.2530e+02   5.5975e+05   1.8828e+02   2.2976e+05   1.5591e+02   6.3132e+04   1.2014e+02   1.5797e+04   8.5691e+01   1.5653e+04   8.6427e+01   6.4611e+03   6.3650e+01   2.6312e+04   9.7444e+01   2.1799e+04   9.2785e+01   
 59816.009074   7.0158e+04   1.2551e+02   2.3684e+03   4.3653e+01   7.0158e+04   1.2551e+02   5.5361e+05   1.9161e+02   2.2724e+05   1.5618e+02   6.1938e+04   1.2087e+02   1.5221e+04   8.2827e+01   1.4416e+04   8.1278e+01   6.2083e+03   6.2756e+01   2.5352e+04   9.3626e+01   2.1535e+04   9.0872e+01   
