# RA       DEC      X     Y     Flux       Flux error 
  22.236  +35.865  1295   147  1.238e+05  1.944e+02
  22.198  +35.865  1190    60  4.650e+04  1.920e+02
  22.206  +35.878  1249    36  8.130e+03  1.664e+02
  22.221  +35.772   992   424  9.403e+05  2.065e+02
  22.277  +35.698   937   800  4.043e+05  1.976e+02
  22.037  +35.684   247   299  1.206e+05  1.989e+02
  22.069  +35.686   337   366  3.633e+04  2.043e+02
  22.179  +35.603   404   891  3.394e+04  1.868e+02
  22.174  +35.620   440   824  1.929e+04  1.897e+02
  22.191  +35.680   653   660  5.377e+04  1.795e+02
  22.169  +35.703   658   537  4.485e+04  1.789e+02
